{"name":"Floodlight_1_14","class":"SpotLight","__parent":"LightGroup_14","position":[-296.553741,-194.503662,130.770859],"overDarkFactor":[2000,1000,500,1],"range":50,"rotationMatrix":[0.287950665,0.0209853482,-0.957415283,0.891113579,-0.372009933,0.259855866,-0.350714833,-0.92799145,-0.125820845],"shadowDarkenColor":[0,0,0,0]}
{"name":"Floodlight_2_14","class":"SpotLight","__parent":"LightGroup_14","position":[-296.615723,-194.476685,131.645752],"overDarkFactor":[2000,1000,500,1],"range":50,"rotationMatrix":[0.864741385,-0.0580278337,-0.498853564,0.456236124,-0.324440002,0.828605533,-0.209930256,-0.944124699,-0.254082352],"shadowDarkenColor":[0,0,0,0]}
{"name":"FloodPoint_1_14","class":"PointLight","__parent":"LightGroup_14","position":[-296.65033,-194.462036,131.672104],"brightness":15,"overDarkFactor":[2000,1000,500,1],"radius":0.25,"shadowDarkenColor":[0,0,0,0]}
{"name":"FloodPoint_2_14","class":"PointLight","__parent":"LightGroup_14","position":[-296.602875,-194.537277,130.733597],"brightness":15,"overDarkFactor":[2000,1000,500,1],"radius":0.25,"shadowDarkenColor":[0,0,0,0]}
{"name":"Floodlight_3_14","class":"SpotLight","__parent":"LightGroup_14","position":[-295.403534,-194.514084,130.752335],"overDarkFactor":[2000,1000,500,1],"range":50,"rotationMatrix":[-0.742034793,0.162695393,-0.650318682,0.602748811,-0.262648612,-0.753464937,-0.293390632,-0.95107615,0.0968299881],"shadowDarkenColor":[0,0,0,0]}
{"name":"Floodlight_4_14","class":"SpotLight","__parent":"LightGroup_14","position":[-295.393188,-194.509048,131.706375],"overDarkFactor":[2000,1000,500,1],"range":50,"rotationMatrix":[-0.977199018,0.162524462,-0.136630356,0.101339608,-0.208463237,-0.972765803,-0.186580643,-0.964431882,0.1872399],"shadowDarkenColor":[0,0,0,0]}
{"name":"FloodPoint_4_14","class":"PointLight","__parent":"LightGroup_14","position":[-295.37442,-194.539215,131.667633],"brightness":15,"overDarkFactor":[2000,1000,500,1],"radius":0.25,"shadowDarkenColor":[0,0,0,0]}
{"name":"FloodPoint_3_14","class":"PointLight","__parent":"LightGroup_14","position":[-295.403534,-194.514084,130.752335],"brightness":15,"overDarkFactor":[2000,1000,500,1],"radius":0.25,"shadowDarkenColor":[0,0,0,0]}
