{"name":"Floodlight_1_29","class":"SpotLight","__parent":"LightGroup_29","position":[796.585266,259.606598,172.659134],"overDarkFactor":[2000,1000,500,1],"range":50,"rotationMatrix":[0.302363575,-0.0393557884,-0.952379823,-0.603709936,-0.781107903,-0.159388915,-0.737638593,0.623154581,-0.259938091],"shadowDarkenColor":[0,0,0,0]}
{"name":"Floodlight_2_29","class":"SpotLight","__parent":"LightGroup_29","position":[796.579224,259.550751,173.534836],"overDarkFactor":[2000,1000,500,1],"range":50,"rotationMatrix":[0.666766405,-0.193730459,-0.719646513,-0.544502497,-0.785951257,-0.292912185,-0.508861065,0.587153316,-0.629532576],"shadowDarkenColor":[0,0,0,0]}
{"name":"FloodPoint_1_29","class":"PointLight","__parent":"LightGroup_29","position":[796.575195,259.513763,173.561676],"brightness":15,"overDarkFactor":[2000,1000,500,1],"radius":0.25,"shadowDarkenColor":[0,0,0,0]}
{"name":"FloodPoint_2_29","class":"PointLight","__parent":"LightGroup_29","position":[796.63147,259.568756,172.622253],"brightness":15,"overDarkFactor":[2000,1000,500,1],"radius":0.25,"shadowDarkenColor":[0,0,0,0]}
{"name":"Floodlight_3_29","class":"SpotLight","__parent":"LightGroup_29","position":[796.264038,260.710785,172.62706],"overDarkFactor":[2000,1000,500,1],"range":50,"rotationMatrix":[-0.121307388,0.316967458,-0.940646589,-0.626207113,-0.75970763,-0.17524004,-0.770161808,0.567781746,0.290645421],"shadowDarkenColor":[0,0,0,0]}
{"name":"Floodlight_4_29","class":"SpotLight","__parent":"LightGroup_29","position":[796.258362,260.731537,173.580933],"overDarkFactor":[2000,1000,500,1],"range":50,"rotationMatrix":[-0.503724396,0.381959945,-0.774834216,-0.649659276,-0.758686364,0.0483477116,-0.569389343,0.527732313,0.6303128],"shadowDarkenColor":[0,0,0,0]}
{"name":"FloodPoint_4_29","class":"PointLight","__parent":"LightGroup_29","position":[796.281799,260.757721,173.541794],"brightness":15,"overDarkFactor":[2000,1000,500,1],"radius":0.25,"shadowDarkenColor":[0,0,0,0]}
{"name":"FloodPoint_3_29","class":"PointLight","__parent":"LightGroup_29","position":[796.264038,260.710785,172.62706],"brightness":15,"overDarkFactor":[2000,1000,500,1],"radius":0.25,"shadowDarkenColor":[0,0,0,0]}
