{"name":"Floodlight_1_22","class":"SpotLight","__parent":"LightGroup_22","position":[743.862183,626.577454,144.862885],"overDarkFactor":[2000,1000,500,1],"range":50,"rotationMatrix":[0.299466759,-0.00571117131,-0.954089582,-0.941307783,-0.165011212,-0.294467092,-0.155753747,0.986275136,-0.0547913462],"shadowDarkenColor":[0,0,0,0]}
{"name":"Floodlight_2_22","class":"SpotLight","__parent":"LightGroup_22","position":[743.894958,626.531921,145.738586],"overDarkFactor":[2000,1000,500,1],"range":50,"rotationMatrix":[0.612400293,-0.0484031141,-0.789064586,-0.779400349,-0.203993857,-0.592386365,-0.132291004,0.977774858,-0.162651315],"shadowDarkenColor":[0,0,0,0]}
{"name":"FloodPoint_1_22","class":"PointLight","__parent":"LightGroup_22","position":[743.916748,626.501709,145.765442],"brightness":15,"overDarkFactor":[2000,1000,500,1],"radius":0.25,"shadowDarkenColor":[0,0,0,0]}
{"name":"FloodPoint_2_22","class":"PointLight","__parent":"LightGroup_22","position":[743.921875,626.580261,144.826019],"brightness":15,"overDarkFactor":[2000,1000,500,1],"radius":0.25,"shadowDarkenColor":[0,0,0,0]}
{"name":"Floodlight_3_22","class":"SpotLight","__parent":"LightGroup_22","position":[742.885254,627.184143,144.830811],"overDarkFactor":[2000,1000,500,1],"range":50,"rotationMatrix":[0.0537551343,0.094769448,-0.994046807,-0.974487424,-0.212261289,-0.0729337633,-0.217909545,0.972606778,0.0809414983],"shadowDarkenColor":[0,0,0,0]}
{"name":"Floodlight_4_22","class":"SpotLight","__parent":"LightGroup_22","position":[742.867188,627.195801,145.784683],"overDarkFactor":[2000,1000,500,1],"range":50,"rotationMatrix":[-0.339475065,0.132831439,-0.931188643,-0.921640813,-0.2448131,0.301072359,-0.187975317,0.960428178,0.205530837],"shadowDarkenColor":[0,0,0,0]}
{"name":"FloodPoint_4_22","class":"PointLight","__parent":"LightGroup_22","position":[742.867065,627.230896,145.745544],"brightness":15,"overDarkFactor":[2000,1000,500,1],"radius":0.25,"shadowDarkenColor":[0,0,0,0]}
{"name":"FloodPoint_3_22","class":"PointLight","__parent":"LightGroup_22","position":[742.885254,627.184143,144.830811],"brightness":15,"overDarkFactor":[2000,1000,500,1],"radius":0.25,"shadowDarkenColor":[0,0,0,0]}
