{"name":"Floodlight_1_8","class":"SpotLight","__parent":"LightGroup_8","position":[628.177917,80.3455582,166.300064],"overDarkFactor":[2000,1000,500,1],"range":50,"rotationMatrix":[0.0729533285,0.0258632991,-0.99699986,0.990127742,-0.121843502,0.0692897141,-0.119685911,-0.992212296,-0.0344968662],"shadowDarkenColor":[0,0,0,0]}
{"name":"Floodlight_2_8","class":"SpotLight","__parent":"LightGroup_8","position":[627.987061,80.3291931,167.156403],"overDarkFactor":[2000,1000,500,1],"range":50,"rotationMatrix":[0.744092464,-0.00171193015,-0.668074489,0.665907025,-0.0786246955,0.74187988,-0.0537972003,-0.996902764,-0.057364054],"shadowDarkenColor":[0,0,0,0]}
{"name":"FloodPoint_1_8","class":"PointLight","__parent":"LightGroup_8","position":[627.953308,80.3503265,167.179169],"brightness":15,"overDarkFactor":[2000,1000,500,1],"radius":0.25,"shadowDarkenColor":[0,0,0,0]}
{"name":"FloodPoint_2_8","class":"PointLight","__parent":"LightGroup_8","position":[628.128723,80.3280182,166.253174],"brightness":15,"overDarkFactor":[2000,1000,500,1],"radius":0.25,"shadowDarkenColor":[0,0,0,0]}
{"name":"Floodlight_3_8","class":"SpotLight","__parent":"LightGroup_8","position":[629.28009,80.0458374,166.437469],"overDarkFactor":[2000,1000,500,1],"range":50,"rotationMatrix":[-0.885296345,0.037312407,-0.463527679,0.461950541,-0.0439015701,-0.885818243,-0.0534016155,-0.998338759,0.0216294173],"shadowDarkenColor":[0,0,0,0]}
{"name":"Floodlight_4_8","class":"SpotLight","__parent":"LightGroup_8","position":[629.140747,79.9847336,167.379379],"overDarkFactor":[2000,1000,500,1],"range":50,"rotationMatrix":[-0.995663166,0.00804461911,0.0926831067,-0.0927448273,-0.00765895937,-0.995660424,-0.00729985209,-0.99993825,0.00837184023],"shadowDarkenColor":[0,0,0,0]}
{"name":"FloodPoint_4_8","class":"PointLight","__parent":"LightGroup_8","position":[629.157593,79.9534454,167.340637],"brightness":15,"overDarkFactor":[2000,1000,500,1],"radius":0.25,"shadowDarkenColor":[0,0,0,0]}
{"name":"FloodPoint_3_8","class":"PointLight","__parent":"LightGroup_8","position":[629.28009,80.0458374,166.437469],"brightness":15,"overDarkFactor":[2000,1000,500,1],"radius":0.25,"shadowDarkenColor":[0,0,0,0]}
