{"name":"Floodlight_1_7","class":"SpotLight","__parent":"LightGroup_7","position":[-169.303482,-174.822495,131.023453],"overDarkFactor":[2000,1000,500,1],"range":50,"rotationMatrix":[0.331428975,-0.000369693269,-0.943480134,-0.104784362,0.993799031,-0.0371984243,0.937643409,0.111190595,0.329335064],"shadowDarkenColor":[0,0,0,0]}
{"name":"Floodlight_2_7","class":"SpotLight","__parent":"LightGroup_7","position":[-169.259766,-174.787277,131.899155],"overDarkFactor":[2000,1000,500,1],"range":50,"rotationMatrix":[0.733184516,0.20928669,-0.647023559,-0.26073283,0.965265214,0.0167720988,0.628059506,0.156403229,0.762285471],"shadowDarkenColor":[0,0,0,0]}
{"name":"FloodPoint_1_7","class":"PointLight","__parent":"LightGroup_7","position":[-169.230774,-174.763931,131.925995],"brightness":15,"overDarkFactor":[2000,1000,500,1],"radius":0.25,"shadowDarkenColor":[0,0,0,0]}
{"name":"FloodPoint_2_7","class":"PointLight","__parent":"LightGroup_7","position":[-169.309464,-174.763031,130.986572],"brightness":15,"overDarkFactor":[2000,1000,500,1],"radius":0.25,"shadowDarkenColor":[0,0,0,0]}
{"name":"Floodlight_3_7","class":"SpotLight","__parent":"LightGroup_7","position":[-169.856476,-175.830765,130.991364],"overDarkFactor":[2000,1000,500,1],"range":50,"rotationMatrix":[-0.222271502,-0.44944641,-0.865212739,-0.303324103,0.875250399,-0.376737297,0.926601112,0.178701937,-0.330871165],"shadowDarkenColor":[0,0,0,0]}
{"name":"Floodlight_4_7","class":"SpotLight","__parent":"LightGroup_7","position":[-169.867142,-175.849487,131.945236],"overDarkFactor":[2000,1000,500,1],"range":50,"rotationMatrix":[-0.531964302,-0.521735013,-0.666938066,-0.51991874,0.822929502,-0.229066119,0.668354928,0.224898636,-0.709029078],"shadowDarkenColor":[0,0,0,0]}
{"name":"FloodPoint_4_7","class":"PointLight","__parent":"LightGroup_7","position":[-169.902176,-175.851456,131.906097],"brightness":15,"overDarkFactor":[2000,1000,500,1],"radius":0.25,"shadowDarkenColor":[0,0,0,0]}
{"name":"FloodPoint_3_7","class":"PointLight","__parent":"LightGroup_7","position":[-169.856476,-175.830765,130.991364],"brightness":15,"overDarkFactor":[2000,1000,500,1],"radius":0.25,"shadowDarkenColor":[0,0,0,0]}
