{"name":"Floodlight_1_9","class":"SpotLight","__parent":"LightGroup_9","position":[650.925049,-45.9576263,163.114471],"overDarkFactor":[2000,1000,500,1],"range":50,"rotationMatrix":[0.255089343,0.0508210808,-0.965581,0.731459081,-0.663248956,0.158329934,-0.632374167,-0.746671259,-0.206361294],"shadowDarkenColor":[0,0,0,0]}
{"name":"Floodlight_2_9","class":"SpotLight","__parent":"LightGroup_9","position":[650.84845,-45.9751472,163.988449],"overDarkFactor":[2000,1000,500,1],"range":50,"rotationMatrix":[0.823274136,-0.100437522,-0.558687687,0.386311054,-0.622004807,0.681082666,-0.415912747,-0.776545048,-0.47328037],"shadowDarkenColor":[0,0,0,0]}
{"name":"FloodPoint_1_9","class":"PointLight","__parent":"LightGroup_9","position":[650.810669,-45.9737663,164.01445],"brightness":15,"overDarkFactor":[2000,1000,500,1],"radius":0.25,"shadowDarkenColor":[0,0,0,0]}
{"name":"FloodPoint_2_9","class":"PointLight","__parent":"LightGroup_9","position":[650.890625,-46.0049591,163.075653],"brightness":15,"overDarkFactor":[2000,1000,500,1],"radius":0.25,"shadowDarkenColor":[0,0,0,0]}
{"name":"Floodlight_3_9","class":"SpotLight","__parent":"LightGroup_9","position":[652.010559,-45.5767937,163.116806],"overDarkFactor":[2000,1000,500,1],"range":50,"rotationMatrix":[-0.689492106,0.335514516,-0.641896009,0.437377542,-0.513534606,-0.738229573,-0.577322662,-0.78975451,0.207331583],"shadowDarkenColor":[0,0,0,0]}
{"name":"Floodlight_4_9","class":"SpotLight","__parent":"LightGroup_9","position":[652.008606,-45.5924034,164.070801],"overDarkFactor":[2000,1000,500,1],"range":50,"rotationMatrix":[-0.917751193,0.366339505,-0.153388739,-0.02784881,-0.444627315,-0.895282626,-0.396178186,-0.817375004,0.418259352],"shadowDarkenColor":[0,0,0,0]}
{"name":"FloodPoint_4_9","class":"PointLight","__parent":"LightGroup_9","position":[652.036926,-45.6134377,164.031815],"brightness":15,"overDarkFactor":[2000,1000,500,1],"radius":0.25,"shadowDarkenColor":[0,0,0,0]}
{"name":"FloodPoint_3_9","class":"PointLight","__parent":"LightGroup_9","position":[652.010559,-45.5767937,163.116806],"brightness":15,"overDarkFactor":[2000,1000,500,1],"radius":0.25,"shadowDarkenColor":[0,0,0,0]}
