{"name":"Floodlight_1_12","class":"SpotLight","__parent":"LightGroup_12","position":[789.955688,141.905029,165.023376],"overDarkFactor":[2000,1000,500,1],"range":50,"rotationMatrix":[0.299081117,-0.0313189328,-0.953713536,-0.715472937,-0.668676317,-0.202411115,-0.631386399,0.742893636,-0.222396329],"shadowDarkenColor":[0,0,0,0]}
{"name":"Floodlight_2_12","class":"SpotLight","__parent":"LightGroup_12","position":[789.958862,141.848969,165.899078],"overDarkFactor":[2000,1000,500,1],"range":50,"rotationMatrix":[0.648704171,-0.16675587,-0.742546618,-0.61961174,-0.682251453,-0.388090491,-0.44188711,0.711846471,-0.545903206],"shadowDarkenColor":[0,0,0,0]}
{"name":"FloodPoint_1_12","class":"PointLight","__parent":"LightGroup_12","position":[789.960999,141.811813,165.925919],"brightness":15,"overDarkFactor":[2000,1000,500,1],"radius":0.25,"shadowDarkenColor":[0,0,0,0]}
{"name":"FloodPoint_2_12","class":"PointLight","__parent":"LightGroup_12","position":[790.007507,141.875275,164.986496],"brightness":15,"overDarkFactor":[2000,1000,500,1],"radius":0.25,"shadowDarkenColor":[0,0,0,0]}
{"name":"Floodlight_3_12","class":"SpotLight","__parent":"LightGroup_12","position":[789.457886,142.941681,164.991302],"overDarkFactor":[2000,1000,500,1],"range":50,"rotationMatrix":[-0.0702829659,0.280519992,-0.957271457,-0.736335576,-0.661989272,-0.139928326,-0.672956169,0.695038557,0.253083408],"shadowDarkenColor":[0,0,0,0]}
{"name":"Floodlight_4_12","class":"SpotLight","__parent":"LightGroup_12","position":[789.448914,142.961243,165.945175],"overDarkFactor":[2000,1000,500,1],"range":50,"rotationMatrix":[-0.457736135,0.342510849,-0.820465684,-0.732140183,-0.668774307,0.129273713,-0.504428744,0.659869194,0.556888163],"shadowDarkenColor":[0,0,0,0]}
{"name":"FloodPoint_4_12","class":"PointLight","__parent":"LightGroup_12","position":[789.467712,142.990875,165.906036],"brightness":15,"overDarkFactor":[2000,1000,500,1],"radius":0.25,"shadowDarkenColor":[0,0,0,0]}
{"name":"FloodPoint_3_12","class":"PointLight","__parent":"LightGroup_12","position":[789.457886,142.941681,164.991302],"brightness":15,"overDarkFactor":[2000,1000,500,1],"radius":0.25,"shadowDarkenColor":[0,0,0,0]}
