{"name":"Floodlight_1_13","class":"SpotLight","__parent":"LightGroup_13","position":[853.087585,429.614899,161.766006],"overDarkFactor":[2000,1000,500,1],"range":50,"rotationMatrix":[0.321693629,-0.0133907394,-0.946749091,0.582252383,0.791292489,0.186650187,0.746656179,-0.611291111,0.262350589],"shadowDarkenColor":[0,0,0,0]}
{"name":"Floodlight_2_13","class":"SpotLight","__parent":"LightGroup_13","position":[853.094482,429.670593,162.641708],"overDarkFactor":[2000,1000,500,1],"range":50,"rotationMatrix":[0.828335285,0.166022256,-0.535067439,0.202731997,0.801523685,0.562547445,0.522264659,-0.574453235,0.630272388],"shadowDarkenColor":[0,0,0,0]}
{"name":"FloodPoint_1_13","class":"PointLight","__parent":"LightGroup_13","position":[853.09906,429.70752,162.668549],"brightness":15,"overDarkFactor":[2000,1000,500,1],"radius":0.25,"shadowDarkenColor":[0,0,0,0]}
{"name":"FloodPoint_2_13","class":"PointLight","__parent":"LightGroup_13","position":[853.041931,429.653473,161.729126],"brightness":15,"overDarkFactor":[2000,1000,500,1],"radius":0.25,"shadowDarkenColor":[0,0,0,0]}
{"name":"Floodlight_3_13","class":"SpotLight","__parent":"LightGroup_13","position":[853.391296,428.505768,161.733917],"overDarkFactor":[2000,1000,500,1],"range":50,"rotationMatrix":[-0.541375577,-0.398494333,-0.740347624,0.302360356,0.729364395,-0.613682091,0.78453213,-0.556084335,-0.274371266],"shadowDarkenColor":[0,0,0,0]}
{"name":"Floodlight_4_13","class":"SpotLight","__parent":"LightGroup_13","position":[853.396606,428.484894,162.68779],"overDarkFactor":[2000,1000,500,1],"range":50,"rotationMatrix":[-0.79815042,-0.481402636,-0.362225473,-0.110674858,0.708175957,-0.697307467,0.592205107,-0.516467094,-0.618510187],"shadowDarkenColor":[0,0,0,0]}
{"name":"FloodPoint_4_13","class":"PointLight","__parent":"LightGroup_13","position":[853.372803,428.459106,162.648651],"brightness":15,"overDarkFactor":[2000,1000,500,1],"radius":0.25,"shadowDarkenColor":[0,0,0,0]}
{"name":"FloodPoint_3_13","class":"PointLight","__parent":"LightGroup_13","position":[853.391296,428.505768,161.733917],"brightness":15,"overDarkFactor":[2000,1000,500,1],"radius":0.25,"shadowDarkenColor":[0,0,0,0]}
