{"name":"Floodlight_1_3","class":"SpotLight","__parent":"LightGroup_3","position":[649.889648,-327.544434,164.330368],"overDarkFactor":[2000,1000,500,1],"range":50,"rotationMatrix":[0.330060631,0.00411318941,-0.943950772,-0.307888627,0.945772231,-0.103534833,0.892336547,0.324804485,0.313428581],"shadowDarkenColor":[0,0,0,0]}
{"name":"Floodlight_2_3","class":"SpotLight","__parent":"LightGroup_3","position":[649.940002,-327.519592,165.20607],"overDarkFactor":[2000,1000,500,1],"range":50,"rotationMatrix":[0.704256952,0.199455932,-0.681351185,-0.393702626,0.908354878,-0.141030088,0.590779364,0.367571175,0.718241572],"shadowDarkenColor":[0,0,0,0]}
{"name":"FloodPoint_1_3","class":"PointLight","__parent":"LightGroup_3","position":[649.973389,-327.503113,165.23291],"brightness":15,"overDarkFactor":[2000,1000,500,1],"radius":0.25,"shadowDarkenColor":[0,0,0,0]}
{"name":"FloodPoint_2_3","class":"PointLight","__parent":"LightGroup_3","position":[649.89679,-327.485107,164.293488],"brightness":15,"overDarkFactor":[2000,1000,500,1],"radius":0.25,"shadowDarkenColor":[0,0,0,0]}
{"name":"Floodlight_3_3","class":"SpotLight","__parent":"LightGroup_3","position":[649.130554,-328.408234,164.298279],"overDarkFactor":[2000,1000,500,1],"range":50,"rotationMatrix":[-0.137103394,-0.414876252,-0.899488807,-0.478744566,0.822717726,-0.306494683,0.867182851,0.388603985,-0.311417192],"shadowDarkenColor":[0,0,0,0]}
{"name":"Floodlight_4_3","class":"SpotLight","__parent":"LightGroup_3","position":[649.116089,-328.424194,165.252136],"overDarkFactor":[2000,1000,500,1],"range":50,"rotationMatrix":[-0.463451385,-0.476007819,-0.747415066,-0.635715604,0.766204894,-0.0937849283,0.617315471,0.431678712,-0.657704353],"shadowDarkenColor":[0,0,0,0]}
{"name":"FloodPoint_4_3","class":"PointLight","__parent":"LightGroup_3","position":[649.081421,-328.418488,165.213013],"brightness":15,"overDarkFactor":[2000,1000,500,1],"radius":0.25,"shadowDarkenColor":[0,0,0,0]}
{"name":"FloodPoint_3_3","class":"PointLight","__parent":"LightGroup_3","position":[649.130554,-328.408234,164.298279],"brightness":15,"overDarkFactor":[2000,1000,500,1],"radius":0.25,"shadowDarkenColor":[0,0,0,0]}
