{"class":"TSStatic","__parent":"CeilingLight1","position":[-1339.06042,-808.305298,97.4590302],"isRenderEnabled":false,"rotationMatrix":[-0.725650609,0.688063323,0,-0.688063323,-0.725650609,0,0,0,0.999999881],"scale":[1,1,0.300000012],"shapeName":"/levels/west_coast_usa/art/shapes/garage/s_ceiling_light_case.dae","useInstanceRenderData":true}
{"class":"TSStatic","__parent":"CeilingLight1","position":[-1339.06067,-808.305786,97.4589996],"isRenderEnabled":false,"rotationMatrix":[-0.725650609,0.688063323,0,-0.688063323,-0.725650609,0,0,0,0.999999881],"shapeName":"/levels/west_coast_usa/art/shapes/garage/s_ceiling_light_light_on.dae","useInstanceRenderData":true}
{"name":"SpotLight_11012","class":"SpotLight","__parent":"CeilingLight1","position":[-1339.74512,-809.021362,98.2517548],"brightness":0.400000006,"innerAngle":120,"outerAngle":170,"rotationMatrix":[-0.782212734,0.62301147,1.1920929e-07,-2.38418579e-07,-1.1920929e-07,-1,-0.62301147,-0.782212734,2.38418579e-07]}
{"name":"SpotLight_1103","class":"SpotLight","__parent":"CeilingLight1","position":[-1338.35486,-807.566162,98.2517548],"brightness":0.400000006,"innerAngle":120,"outerAngle":170,"rotationMatrix":[-0.782212734,0.62301147,1.1920929e-07,-2.38418579e-07,-1.1920929e-07,-1,-0.62301147,-0.782212734,2.38418579e-07]}
