{"name":"Floodlight_1_17","class":"SpotLight","__parent":"LightGroup_17","position":[316.916565,257.379608,131.023438],"overDarkFactor":[2000,1000,500,1],"range":50,"rotationMatrix":[0.361074299,0.0727026686,-0.929698646,-0.332903534,-0.921216905,-0.201331735,-0.871091604,0.382195711,-0.308424801],"shadowDarkenColor":[0,0,0,0]}
{"name":"Floodlight_2_17","class":"SpotLight","__parent":"LightGroup_17","position":[316.895203,257.327667,131.899139],"overDarkFactor":[2000,1000,500,1],"range":50,"rotationMatrix":[0.716203868,-0.158485726,-0.67965734,-0.344372451,-0.927307665,-0.146656066,-0.607008636,0.339090973,-0.718719542],"shadowDarkenColor":[0,0,0,0]}
{"name":"FloodPoint_1_17","class":"PointLight","__parent":"LightGroup_17","position":[316.881073,257.293243,131.92598],"brightness":15,"overDarkFactor":[2000,1000,500,1],"radius":0.25,"shadowDarkenColor":[0,0,0,0]}
{"name":"FloodPoint_2_17","class":"PointLight","__parent":"LightGroup_17","position":[316.950439,257.330414,130.986557],"brightness":15,"overDarkFactor":[2000,1000,500,1],"radius":0.25,"shadowDarkenColor":[0,0,0,0]}
{"name":"Floodlight_3_17","class":"SpotLight","__parent":"LightGroup_17","position":[316.915283,258.529572,130.991364],"overDarkFactor":[2000,1000,500,1],"range":50,"rotationMatrix":[-0.0812885165,0.531272829,-0.843291938,-0.422292292,-0.784753084,-0.453686863,-0.902807474,0.319236159,0.288143814],"shadowDarkenColor":[0,0,0,0]}
{"name":"Floodlight_4_17","class":"SpotLight","__parent":"LightGroup_17","position":[316.915619,258.551117,131.945236],"overDarkFactor":[2000,1000,500,1],"range":50,"rotationMatrix":[-0.398529947,0.630752325,-0.665826797,-0.607182086,-0.725547671,-0.323898941,-0.687389076,0.275194705,0.672133982],"shadowDarkenColor":[0,0,0,0]}
{"name":"FloodPoint_4_17","class":"PointLight","__parent":"LightGroup_17","position":[316.945374,258.569733,131.906097],"brightness":15,"overDarkFactor":[2000,1000,500,1],"radius":0.25,"shadowDarkenColor":[0,0,0,0]}
{"name":"FloodPoint_3_17","class":"PointLight","__parent":"LightGroup_17","position":[316.915283,258.529572,130.991364],"brightness":15,"overDarkFactor":[2000,1000,500,1],"radius":0.25,"shadowDarkenColor":[0,0,0,0]}
