{"name":"Floodlight_1_23","class":"SpotLight","__parent":"LightGroup_23","position":[677.643311,607.428772,135.378357],"overDarkFactor":[2000,1000,500,1],"range":50,"rotationMatrix":[0.328279287,0.00653065043,-0.944558084,-0.428808451,0.892027497,-0.142864063,0.841638863,0.451933831,0.295634568],"shadowDarkenColor":[0,0,0,0]}
{"name":"Floodlight_2_23","class":"SpotLight","__parent":"LightGroup_23","position":[677.696594,607.446472,136.254059],"overDarkFactor":[2000,1000,500,1],"range":50,"rotationMatrix":[0.686875939,0.188114673,-0.702007353,-0.471985817,0.849970996,-0.234048352,0.552657962,0.492099673,0.672612131],"shadowDarkenColor":[0,0,0,0]}
{"name":"FloodPoint_1_23","class":"PointLight","__parent":"LightGroup_23","position":[677.731934,607.458191,136.280899],"brightness":15,"overDarkFactor":[2000,1000,500,1],"radius":0.25,"shadowDarkenColor":[0,0,0,0]}
{"name":"FloodPoint_2_23","class":"PointLight","__parent":"LightGroup_23","position":[677.658569,607.486572,135.341476],"brightness":15,"overDarkFactor":[2000,1000,500,1],"radius":0.25,"shadowDarkenColor":[0,0,0,0]}
{"name":"Floodlight_3_23","class":"SpotLight","__parent":"LightGroup_23","position":[676.772522,606.677734,135.346268],"overDarkFactor":[2000,1000,500,1],"range":50,"rotationMatrix":[-0.088613838,-0.38327539,-0.919373393,-0.582174361,0.768866658,-0.264418095,0.808220565,0.511804581,-0.291265368],"shadowDarkenColor":[0,0,0,0]}
{"name":"Floodlight_4_23","class":"SpotLight","__parent":"LightGroup_23","position":[676.755981,606.663879,136.30014],"overDarkFactor":[2000,1000,500,1],"range":50,"rotationMatrix":[-0.425172865,-0.435997546,-0.793179691,-0.703151345,0.710905075,-0.0138581693,0.569917679,0.551833332,-0.608829856],"shadowDarkenColor":[0,0,0,0]}
{"name":"FloodPoint_4_23","class":"PointLight","__parent":"LightGroup_23","position":[676.722473,606.674316,136.261002],"brightness":15,"overDarkFactor":[2000,1000,500,1],"radius":0.25,"shadowDarkenColor":[0,0,0,0]}
{"name":"FloodPoint_3_23","class":"PointLight","__parent":"LightGroup_23","position":[676.772522,606.677734,135.346268],"brightness":15,"overDarkFactor":[2000,1000,500,1],"radius":0.25,"shadowDarkenColor":[0,0,0,0]}
