{"name":"Floodlight_1_5","class":"SpotLight","__parent":"LightGroup_5","position":[193.660248,-317.174896,153.596161],"overDarkFactor":[2000,1000,500,1],"range":50,"rotationMatrix":[0.297228187,-0.0165446457,-0.954663157,-0.87212044,-0.411705673,-0.264394045,-0.388665974,0.911166608,-0.13679947],"shadowDarkenColor":[0,0,0,0]}
{"name":"Floodlight_2_5","class":"SpotLight","__parent":"LightGroup_5","position":[193.680298,-317.227356,154.471863],"overDarkFactor":[2000,1000,500,1],"range":50,"rotationMatrix":[0.623537064,-0.105914555,-0.774586022,-0.727840662,-0.440328658,-0.525698125,-0.285393357,0.891567528,-0.351650208],"shadowDarkenColor":[0,0,0,0]}
{"name":"FloodPoint_1_5","class":"PointLight","__parent":"LightGroup_5","position":[193.693604,-317.262115,154.498703],"brightness":15,"overDarkFactor":[2000,1000,500,1],"radius":0.25,"shadowDarkenColor":[0,0,0,0]}
{"name":"FloodPoint_2_5","class":"PointLight","__parent":"LightGroup_5","position":[193.718658,-317.187531,153.55928],"brightness":15,"overDarkFactor":[2000,1000,500,1],"radius":0.25,"shadowDarkenColor":[0,0,0,0]}
{"name":"Floodlight_3_5","class":"SpotLight","__parent":"LightGroup_5","position":[192.871094,-316.33847,153.564087],"overDarkFactor":[2000,1000,500,1],"range":50,"rotationMatrix":[0.00897845626,0.189353049,-0.981867969,-0.896101117,-0.434224516,-0.0919342637,-0.443759203,0.880678475,0.165780798],"shadowDarkenColor":[0,0,0,0]}
{"name":"Floodlight_4_5","class":"SpotLight","__parent":"LightGroup_5","position":[192.856567,-316.322571,154.51796],"overDarkFactor":[2000,1000,500,1],"range":50,"rotationMatrix":[-0.384037882,0.240771458,-0.891371965,-0.855690002,-0.455475658,0.245634615,-0.346856415,0.857071102,0.380945653],"shadowDarkenColor":[0,0,0,0]}
{"name":"FloodPoint_4_5","class":"PointLight","__parent":"LightGroup_5","position":[192.865479,-316.288605,154.478821],"brightness":15,"overDarkFactor":[2000,1000,500,1],"radius":0.25,"shadowDarkenColor":[0,0,0,0]}
{"name":"FloodPoint_3_5","class":"PointLight","__parent":"LightGroup_5","position":[192.871094,-316.33847,153.564087],"brightness":15,"overDarkFactor":[2000,1000,500,1],"radius":0.25,"shadowDarkenColor":[0,0,0,0]}
