{"name":"Floodlight_1_30","class":"SpotLight","__parent":"LightGroup_30","position":[-585.984619,289.83252,124.156548],"overDarkFactor":[2000,1000,500,1],"range":50,"rotationMatrix":[0.307494342,-0.0472921953,-0.950373888,-0.471713215,-0.874978602,-0.109082863,-0.826398194,0.481846362,-0.291359365],"shadowDarkenColor":[0,0,0,0]}
{"name":"Floodlight_2_30","class":"SpotLight","__parent":"LightGroup_30","position":[-586.000061,289.778534,125.032249],"overDarkFactor":[2000,1000,500,1],"range":50,"rotationMatrix":[0.688219845,-0.216464356,-0.692456961,-0.45701465,-0.87062782,-0.182057068,-0.56346339,0.441758245,-0.698110759],"shadowDarkenColor":[0,0,0,0]}
{"name":"FloodPoint_1_30","class":"PointLight","__parent":"LightGroup_30","position":[-586.010254,289.742737,125.05909],"brightness":15,"overDarkFactor":[2000,1000,500,1],"radius":0.25,"shadowDarkenColor":[0,0,0,0]}
{"name":"FloodPoint_2_30","class":"PointLight","__parent":"LightGroup_30","position":[-585.945435,289.787415,124.119667],"brightness":15,"overDarkFactor":[2000,1000,500,1],"radius":0.25,"shadowDarkenColor":[0,0,0,0]}
{"name":"Floodlight_3_30","class":"SpotLight","__parent":"LightGroup_30","position":[-586.114441,290.975159,124.124474],"overDarkFactor":[2000,1000,500,1],"range":50,"rotationMatrix":[-0.178378165,0.344588339,-0.921650648,-0.49808538,-0.839421749,-0.217443988,-0.848582387,0.420273513,0.321368963],"shadowDarkenColor":[0,0,0,0]}
{"name":"Floodlight_4_30","class":"SpotLight","__parent":"LightGroup_30","position":[-586.116516,290.996582,125.078346],"overDarkFactor":[2000,1000,500,1],"range":50,"rotationMatrix":[-0.554342449,0.410696685,-0.723900974,-0.555122793,-0.830491424,-0.0460725427,-0.620115399,0.376313955,0.688363791],"shadowDarkenColor":[0,0,0,0]}
{"name":"FloodPoint_4_30","class":"PointLight","__parent":"LightGroup_30","position":[-586.08905,291.018402,125.039207],"brightness":15,"overDarkFactor":[2000,1000,500,1],"radius":0.25,"shadowDarkenColor":[0,0,0,0]}
{"name":"FloodPoint_3_30","class":"PointLight","__parent":"LightGroup_30","position":[-586.114441,290.975159,124.124474],"brightness":15,"overDarkFactor":[2000,1000,500,1],"radius":0.25,"shadowDarkenColor":[0,0,0,0]}
