{"name":"Floodlight_1_19","class":"SpotLight","__parent":"LightGroup_19","position":[-286.374603,-286.434631,131.598633],"overDarkFactor":[2000,1000,500,1],"range":50,"rotationMatrix":[0.32763046,-0.0101227853,-0.94475162,0.351201206,0.929597259,0.111832671,0.877106607,-0.368437767,0.308119535],"shadowDarkenColor":[0,0,0,0]}
{"name":"Floodlight_2_19","class":"SpotLight","__parent":"LightGroup_19","position":[-286.352509,-286.382996,132.474335],"overDarkFactor":[2000,1000,500,1],"range":50,"rotationMatrix":[0.796859264,0.194908172,-0.571861982,0.0441635847,0.925208986,0.376879275,0.602548659,-0.325575203,0.728653491],"shadowDarkenColor":[0,0,0,0]}
{"name":"FloodPoint_1_19","class":"PointLight","__parent":"LightGroup_19","position":[-286.337891,-286.348785,132.501175],"brightness":15,"overDarkFactor":[2000,1000,500,1],"radius":0.25,"shadowDarkenColor":[0,0,0,0]}
{"name":"FloodPoint_2_19","class":"PointLight","__parent":"LightGroup_19","position":[-286.407776,-286.384918,131.561752],"brightness":15,"overDarkFactor":[2000,1000,500,1],"radius":0.25,"shadowDarkenColor":[0,0,0,0]}
{"name":"Floodlight_3_19","class":"SpotLight","__parent":"LightGroup_19","position":[-286.389557,-287.584503,131.566528],"overDarkFactor":[2000,1000,500,1],"range":50,"rotationMatrix":[-0.428437352,-0.448894858,-0.78417778,0.0965025127,0.840168417,-0.533670485,0.898403406,-0.304319531,-0.316640079],"shadowDarkenColor":[0,0,0,0]}
{"name":"Floodlight_4_19","class":"SpotLight","__parent":"LightGroup_19","position":[-286.390198,-287.606018,132.520416],"overDarkFactor":[2000,1000,500,1],"range":50,"rotationMatrix":[-0.70244658,-0.533632219,-0.470962167,-0.251224518,0.805016398,-0.537433505,0.665924132,-0.259201139,-0.699542522],"shadowDarkenColor":[0,0,0,0]}
{"name":"FloodPoint_4_19","class":"PointLight","__parent":"LightGroup_19","position":[-286.420197,-287.624207,132.481262],"brightness":15,"overDarkFactor":[2000,1000,500,1],"radius":0.25,"shadowDarkenColor":[0,0,0,0]}
{"name":"FloodPoint_3_19","class":"PointLight","__parent":"LightGroup_19","position":[-286.389557,-287.584503,131.566528],"brightness":15,"overDarkFactor":[2000,1000,500,1],"radius":0.25,"shadowDarkenColor":[0,0,0,0]}
