{"name":"Floodlight_1_15","class":"SpotLight","__parent":"LightGroup_15","position":[-595.370544,344.490417,121.961494],"overDarkFactor":[2000,1000,500,1],"range":50,"rotationMatrix":[0.292593569,0.0201847255,-0.956023812,0.863140106,-0.435869873,0.254963666,-0.411555618,-0.899783254,-0.144954979],"shadowDarkenColor":[0,0,0,0]}
{"name":"Floodlight_2_15","class":"SpotLight","__parent":"LightGroup_15","position":[-595.423645,344.508636,122.837196],"overDarkFactor":[2000,1000,500,1],"range":50,"rotationMatrix":[0.863562107,-0.0736216456,-0.498838961,0.436098754,-0.387589991,0.812152624,-0.253137022,-0.918887258,-0.302601755],"shadowDarkenColor":[0,0,0,0]}
{"name":"FloodPoint_1_15","class":"PointLight","__parent":"LightGroup_15","position":[-595.458862,344.520691,122.864037],"brightness":15,"overDarkFactor":[2000,1000,500,1],"radius":0.25,"shadowDarkenColor":[0,0,0,0]}
{"name":"FloodPoint_2_15","class":"PointLight","__parent":"LightGroup_15","position":[-595.417664,344.453674,121.924614],"brightness":15,"overDarkFactor":[2000,1000,500,1],"radius":0.25,"shadowDarkenColor":[0,0,0,0]}
{"name":"Floodlight_3_15","class":"SpotLight","__parent":"LightGroup_15","position":[-594.222717,344.560303,121.929413],"overDarkFactor":[2000,1000,500,1],"range":50,"rotationMatrix":[-0.728096366,0.194262132,-0.657371998,0.586366534,-0.320198625,-0.744074643,-0.355035096,-0.927218974,0.11922662],"shadowDarkenColor":[0,0,0,0]}
{"name":"Floodlight_4_15","class":"SpotLight","__parent":"LightGroup_15","position":[-594.201172,344.561249,122.883286],"overDarkFactor":[2000,1000,500,1],"range":50,"rotationMatrix":[-0.968128443,0.201216176,-0.149128556,0.0933134854,-0.262771755,-0.960335076,-0.232421741,-0.943643451,0.235620633],"shadowDarkenColor":[0,0,0,0]}
{"name":"FloodPoint_4_15","class":"PointLight","__parent":"LightGroup_15","position":[-594.180847,344.532654,122.844139],"brightness":15,"overDarkFactor":[2000,1000,500,1],"radius":0.25,"shadowDarkenColor":[0,0,0,0]}
{"name":"FloodPoint_3_15","class":"PointLight","__parent":"LightGroup_15","position":[-594.222717,344.560303,121.929413],"brightness":15,"overDarkFactor":[2000,1000,500,1],"radius":0.25,"shadowDarkenColor":[0,0,0,0]}
