{"class":"TSStatic","__parent":"driftZones","position":[-544.281494,-460.87619,116.440216],"isRenderEnabled":false,"rotationMatrix":[-0.351682425,-0.936119497,0,0.936119497,-0.351682425,0,0,0,1],"scale":[1,1,0.453991652],"shapeName":"/levels/west_coast_usa/art/shapes/objects/trafficlightbox_green.dae","useInstanceRenderData":true}
{"class":"TSStatic","__parent":"driftZones","position":[-297.245544,-781.753906,137.280762],"decalType":"None","isRenderEnabled":false,"rotationMatrix":[-0.509575248,-0.860426247,-8.69084124e-06,0.860426247,-0.509575248,-5.20625144e-06,5.09589881e-08,-1.01308033e-05,1],"scale":[1,1,0.453991652],"shapeName":"/levels/west_coast_usa/art/shapes/objects/trafficlightbox_green.dae","useInstanceRenderData":true}
{"class":"TSStatic","__parent":"driftZones","position":[-124.281403,-866.944397,130.976074],"isRenderEnabled":false,"rotationMatrix":[-0.662300289,-0.749238491,0,0.749238491,-0.662300289,0,0,0,0.999999881],"scale":[1,1,0.453991652],"shapeName":"/levels/west_coast_usa/art/shapes/objects/trafficlightbox_green.dae","useInstanceRenderData":true}
{"class":"TSStatic","__parent":"driftZones","position":[-268.93988,-833.83844,137.198593],"isRenderEnabled":false,"rotationMatrix":[0.467049003,0.884231448,0,-0.884231448,0.467049003,0,0,0,1],"scale":[1,1,0.453991652],"shapeName":"/levels/west_coast_usa/art/shapes/objects/trafficlightbox_green.dae","useInstanceRenderData":true}
