{"name":"Floodlight_1_2","class":"SpotLight","__parent":"LightGroup_2","position":[35.5240479,-429.345947,145.942795],"overDarkFactor":[2000,1000,500,1],"range":50,"rotationMatrix":[0.361074299,0.0727026686,-0.929698646,-0.332903534,-0.921216905,-0.201331735,-0.871091604,0.382195711,-0.308424801],"shadowDarkenColor":[0,0,0,0]}
{"name":"Floodlight_2_2","class":"SpotLight","__parent":"LightGroup_2","position":[35.5027046,-429.397888,146.818497],"overDarkFactor":[2000,1000,500,1],"range":50,"rotationMatrix":[0.716203868,-0.158485726,-0.67965734,-0.344372451,-0.927307665,-0.146656066,-0.607008636,0.339090973,-0.718719542],"shadowDarkenColor":[0,0,0,0]}
{"name":"FloodPoint_1_2","class":"PointLight","__parent":"LightGroup_2","position":[35.4885597,-429.432312,146.845337],"brightness":15,"overDarkFactor":[2000,1000,500,1],"radius":0.25,"shadowDarkenColor":[0,0,0,0]}
{"name":"FloodPoint_2_2","class":"PointLight","__parent":"LightGroup_2","position":[35.55793,-429.395142,145.905914],"brightness":15,"overDarkFactor":[2000,1000,500,1],"radius":0.25,"shadowDarkenColor":[0,0,0,0]}
{"name":"Floodlight_3_2","class":"SpotLight","__parent":"LightGroup_2","position":[35.5227814,-428.195984,145.910721],"overDarkFactor":[2000,1000,500,1],"range":50,"rotationMatrix":[-0.0812885165,0.531272829,-0.843291938,-0.422292292,-0.784753084,-0.453686863,-0.902807474,0.319236159,0.288143814],"shadowDarkenColor":[0,0,0,0]}
{"name":"Floodlight_4_2","class":"SpotLight","__parent":"LightGroup_2","position":[35.5231171,-428.174438,146.864594],"overDarkFactor":[2000,1000,500,1],"range":50,"rotationMatrix":[-0.398529947,0.630752325,-0.665826797,-0.607182086,-0.725547671,-0.323898941,-0.687389076,0.275194705,0.672133982],"shadowDarkenColor":[0,0,0,0]}
{"name":"FloodPoint_4_2","class":"PointLight","__parent":"LightGroup_2","position":[35.5528717,-428.155823,146.825455],"brightness":15,"overDarkFactor":[2000,1000,500,1],"radius":0.25,"shadowDarkenColor":[0,0,0,0]}
{"name":"FloodPoint_3_2","class":"PointLight","__parent":"LightGroup_2","position":[35.5227814,-428.195984,145.910721],"brightness":15,"overDarkFactor":[2000,1000,500,1],"radius":0.25,"shadowDarkenColor":[0,0,0,0]}
