{"class":"TSStatic","__parent":"CeilingLight5","position":[-1324.71399,-822.219116,97.4589996],"isRenderEnabled":false,"rotationMatrix":[-0.725650609,0.688063323,0,-0.688063323,-0.725650609,0,0,0,0.999999881],"shapeName":"/levels/west_coast_usa/art/shapes/garage/s_ceiling_light_light_on.dae","useInstanceRenderData":true}
{"class":"TSStatic","__parent":"CeilingLight5","position":[-1324.71375,-822.218628,97.4590302],"isRenderEnabled":false,"rotationMatrix":[-0.725650609,0.688063323,0,-0.688063323,-0.725650609,0,0,0,0.999999881],"scale":[1,1,0.300000012],"shapeName":"/levels/west_coast_usa/art/shapes/garage/s_ceiling_light_case.dae","useInstanceRenderData":true}
{"name":"SpotLight_110112","class":"SpotLight","__parent":"CeilingLight5","position":[-1325.39844,-822.934692,98.2517548],"brightness":0.400000006,"innerAngle":120,"outerAngle":170,"rotationMatrix":[-0.782212734,0.62301147,1.1920929e-07,-2.38418579e-07,-1.1920929e-07,-1,-0.62301147,-0.782212734,2.38418579e-07]}
{"name":"SpotLight_11022","class":"SpotLight","__parent":"CeilingLight5","position":[-1324.00818,-821.479492,98.2517548],"brightness":0.400000006,"innerAngle":120,"outerAngle":170,"rotationMatrix":[-0.782212734,0.62301147,1.1920929e-07,-2.38418579e-07,-1.1920929e-07,-1,-0.62301147,-0.782212734,2.38418579e-07]}
{"class":"TSStatic","__parent":"CeilingLight5","position":[-1318.74023,-815.91925,97.4589996],"isRenderEnabled":false,"rotationMatrix":[-0.725650609,0.688063323,0,-0.688063323,-0.725650609,0,0,0,0.999999881],"shapeName":"/levels/west_coast_usa/art/shapes/garage/s_ceiling_light_light_on.dae","useInstanceRenderData":true}
{"class":"TSStatic","__parent":"CeilingLight5","position":[-1318.73999,-815.918762,97.4590302],"isRenderEnabled":false,"rotationMatrix":[-0.725650609,0.688063323,0,-0.688063323,-0.725650609,0,0,0,0.999999881],"scale":[1,1,0.300000012],"shapeName":"/levels/west_coast_usa/art/shapes/garage/s_ceiling_light_case.dae","useInstanceRenderData":true}
{"name":"SpotLight_1101121","class":"SpotLight","__parent":"CeilingLight5","position":[-1319.42468,-816.634827,98.2517548],"brightness":0.400000006,"innerAngle":120,"outerAngle":170,"rotationMatrix":[-0.782212734,0.62301147,1.1920929e-07,-2.38418579e-07,-1.1920929e-07,-1,-0.62301147,-0.782212734,2.38418579e-07]}
{"name":"SpotLight_110221","class":"SpotLight","__parent":"CeilingLight5","position":[-1318.03442,-815.179626,98.2517548],"brightness":0.400000006,"innerAngle":120,"outerAngle":170,"rotationMatrix":[-0.782212734,0.62301147,1.1920929e-07,-2.38418579e-07,-1.1920929e-07,-1,-0.62301147,-0.782212734,2.38418579e-07]}
{"name":"SpotLight_1102211","class":"SpotLight","__parent":"CeilingLight5","position":[-1329.91772,-827.712341,98.2517548],"brightness":0.400000006,"innerAngle":120,"outerAngle":170,"rotationMatrix":[-0.782212734,0.62301147,1.1920929e-07,-2.38418579e-07,-1.1920929e-07,-1,-0.62301147,-0.782212734,2.38418579e-07]}
{"name":"SpotLight_11011211","class":"SpotLight","__parent":"CeilingLight5","position":[-1331.30798,-829.167542,98.2517548],"brightness":0.400000006,"innerAngle":120,"outerAngle":170,"rotationMatrix":[-0.782212734,0.62301147,1.1920929e-07,-2.38418579e-07,-1.1920929e-07,-1,-0.62301147,-0.782212734,2.38418579e-07]}
{"class":"TSStatic","__parent":"CeilingLight5","position":[-1330.62329,-828.451477,97.4590302],"isRenderEnabled":false,"rotationMatrix":[-0.725650609,0.688063323,0,-0.688063323,-0.725650609,0,0,0,0.999999881],"scale":[1,1,0.300000012],"shapeName":"/levels/west_coast_usa/art/shapes/garage/s_ceiling_light_case.dae","useInstanceRenderData":true}
{"class":"TSStatic","__parent":"CeilingLight5","position":[-1330.62354,-828.451965,97.4589996],"isRenderEnabled":false,"rotationMatrix":[-0.725650609,0.688063323,0,-0.688063323,-0.725650609,0,0,0,0.999999881],"shapeName":"/levels/west_coast_usa/art/shapes/garage/s_ceiling_light_light_on.dae","useInstanceRenderData":true}
