{"name":"Floodlight_1_16","class":"SpotLight","__parent":"LightGroup_16","position":[832.973816,46.9877205,157.493149],"overDarkFactor":[2000,1000,500,1],"range":50,"rotationMatrix":[0.301991761,0.0627928749,-0.951240301,0.382890254,-0.921796918,0.0607074872,-0.873038352,-0.382553756,-0.302417845],"shadowDarkenColor":[0,0,0,0]}
{"name":"Floodlight_2_16","class":"SpotLight","__parent":"LightGroup_16","position":[832.91687,46.9608955,158.368393],"overDarkFactor":[2000,1000,500,1],"range":50,"rotationMatrix":[0.797693968,-0.155612677,-0.582639575,0.140161261,-0.891839385,0.430089772,-0.586548388,-0.424743593,-0.689604104],"shadowDarkenColor":[0,0,0,0]}
{"name":"FloodPoint_1_16","class":"PointLight","__parent":"LightGroup_16","position":[832.882385,46.946373,158.394943],"brightness":15,"overDarkFactor":[2000,1000,500,1],"radius":0.25,"shadowDarkenColor":[0,0,0,0]}
{"name":"FloodPoint_2_16","class":"PointLight","__parent":"LightGroup_16","position":[832.963257,46.9291687,157.455872],"brightness":15,"overDarkFactor":[2000,1000,500,1],"radius":0.25,"shadowDarkenColor":[0,0,0,0]}
{"name":"Floodlight_3_16","class":"SpotLight","__parent":"LightGroup_16","position":[833.785522,47.8026237,157.470627],"overDarkFactor":[2000,1000,500,1],"range":50,"rotationMatrix":[-0.495224327,0.487641037,-0.718998551,0.180562571,-0.751764417,-0.63422966,-0.849793971,-0.443910241,0.284242332],"shadowDarkenColor":[0,0,0,0]}
{"name":"Floodlight_4_16","class":"SpotLight","__parent":"LightGroup_16","position":[833.79541,47.8120117,158.424652],"overDarkFactor":[2000,1000,500,1],"range":50,"rotationMatrix":[-0.765085995,0.556376278,-0.324174196,-0.188308537,-0.674743295,-0.71362555,-0.615778685,-0.484940082,0.621007025],"shadowDarkenColor":[0,0,0,0]}
{"name":"FloodPoint_4_16","class":"PointLight","__parent":"LightGroup_16","position":[833.829834,47.80439,158.385666],"brightness":15,"overDarkFactor":[2000,1000,500,1],"radius":0.25,"shadowDarkenColor":[0,0,0,0]}
{"name":"FloodPoint_3_16","class":"PointLight","__parent":"LightGroup_16","position":[833.785522,47.8026237,157.470627],"brightness":15,"overDarkFactor":[2000,1000,500,1],"radius":0.25,"shadowDarkenColor":[0,0,0,0]}
