{"name":"Floodlight_1_1","class":"SpotLight","__parent":"LightGroup_1","position":[692.953796,44.6282997,166.660873],"overDarkFactor":[2000,1000,500,1],"range":50,"rotationMatrix":[0.32738775,-0.0103452019,-0.944833338,0.363647401,0.924300432,0.11588458,0.872111142,-0.381525427,0.306366652],"shadowDarkenColor":[0,0,0,0]}
{"name":"Floodlight_2_1","class":"SpotLight","__parent":"LightGroup_1","position":[692.975159,44.6802216,167.536575],"overDarkFactor":[2000,1000,500,1],"range":50,"rotationMatrix":[0.79856956,0.193784043,-0.569854736,0.05262205,0.920653284,0.386818349,0.599597931,-0.338888288,0.725008368],"shadowDarkenColor":[0,0,0,0]}
{"name":"FloodPoint_1_1","class":"PointLight","__parent":"LightGroup_1","position":[692.989319,44.7146416,167.563416],"brightness":15,"overDarkFactor":[2000,1000,500,1],"radius":0.25,"shadowDarkenColor":[0,0,0,0]}
{"name":"FloodPoint_2_1","class":"PointLight","__parent":"LightGroup_1","position":[692.919922,44.6775169,166.623993],"brightness":15,"overDarkFactor":[2000,1000,500,1],"radius":0.25,"shadowDarkenColor":[0,0,0,0]}
{"name":"Floodlight_3_1","class":"SpotLight","__parent":"LightGroup_1","position":[692.955078,43.4783325,166.628784],"overDarkFactor":[2000,1000,500,1],"range":50,"rotationMatrix":[-0.43435815,-0.447218955,-0.781874657,0.107526734,0.836083949,-0.53796047,0.89429909,-0.317739993,-0.315071911],"shadowDarkenColor":[0,0,0,0]}
{"name":"Floodlight_4_1","class":"SpotLight","__parent":"LightGroup_1","position":[692.954712,43.4567909,167.582657],"overDarkFactor":[2000,1000,500,1],"range":50,"rotationMatrix":[-0.707424283,-0.532025814,-0.465294898,-0.24373503,0.80157268,-0.545961916,0.663433552,-0.272818059,-0.696725309],"shadowDarkenColor":[0,0,0,0]}
{"name":"FloodPoint_4_1","class":"PointLight","__parent":"LightGroup_1","position":[692.924988,43.4381828,167.543518],"brightness":15,"overDarkFactor":[2000,1000,500,1],"radius":0.25,"shadowDarkenColor":[0,0,0,0]}
{"name":"FloodPoint_3_1","class":"PointLight","__parent":"LightGroup_1","position":[692.955078,43.4783325,166.628784],"brightness":15,"overDarkFactor":[2000,1000,500,1],"radius":0.25,"shadowDarkenColor":[0,0,0,0]}
