{"name":"Floodlight_1_27","class":"SpotLight","__parent":"LightGroup_27","position":[-852.696655,-490.690582,115.634567],"overDarkFactor":[2000,1000,500,1],"range":50,"rotationMatrix":[0.30517602,0.00368015352,-0.952288926,-0.944310129,0.130402535,-0.302115113,0.123069055,0.991454244,0.0432709269],"shadowDarkenColor":[0,0,0,0]}
{"name":"Floodlight_2_27","class":"SpotLight","__parent":"LightGroup_27","position":[-852.651978,-490.724548,116.510269],"overDarkFactor":[2000,1000,500,1],"range":50,"rotationMatrix":[0.61154151,0.0194033943,-0.790974259,-0.789373159,0.0830826536,-0.60826546,0.0539138354,0.996353626,0.0661250204],"shadowDarkenColor":[0,0,0,0]}
{"name":"FloodPoint_1_27","class":"PointLight","__parent":"LightGroup_27","position":[-852.622375,-490.747101,116.537109],"brightness":15,"overDarkFactor":[2000,1000,500,1],"radius":0.25,"shadowDarkenColor":[0,0,0,0]}
{"name":"FloodPoint_2_27","class":"PointLight","__parent":"LightGroup_27","position":[-852.640381,-490.670502,115.597687],"brightness":15,"overDarkFactor":[2000,1000,500,1],"radius":0.25,"shadowDarkenColor":[0,0,0,0]}
{"name":"Floodlight_3_27","class":"SpotLight","__parent":"LightGroup_27","position":[-853.808228,-490.395935,115.602486],"overDarkFactor":[2000,1000,500,1],"range":50,"rotationMatrix":[0.0756091475,-0.025900377,-0.996801019,-0.995431423,0.0564908609,-0.0769731104,0.0583037883,0.998067081,-0.0215108264],"shadowDarkenColor":[0,0,0,0]}
{"name":"Floodlight_4_27","class":"SpotLight","__parent":"LightGroup_27","position":[-853.828979,-490.390076,116.556358],"overDarkFactor":[2000,1000,500,1],"range":50,"rotationMatrix":[-0.312527537,-0.00712987594,-0.949881911,-0.949857116,0.012759692,0.312423587,0.00989266019,0.999893129,-0.0107601192],"shadowDarkenColor":[0,0,0,0]}
{"name":"FloodPoint_4_27","class":"PointLight","__parent":"LightGroup_27","position":[-853.839294,-490.356537,116.51722],"brightness":15,"overDarkFactor":[2000,1000,500,1],"radius":0.25,"shadowDarkenColor":[0,0,0,0]}
{"name":"FloodPoint_3_27","class":"PointLight","__parent":"LightGroup_27","position":[-853.808228,-490.395935,115.602486],"brightness":15,"overDarkFactor":[2000,1000,500,1],"radius":0.25,"shadowDarkenColor":[0,0,0,0]}
