{"name":"Floodlight_1_32","class":"SpotLight","__parent":"LightGroup_32","position":[120.90036,162.099304,131.164307],"overDarkFactor":[2000,1000,500,1],"range":50,"rotationMatrix":[0.330325037,-0.00643609371,-0.943845212,0.166458443,0.984700382,0.0515421033,0.929073155,-0.174136683,0.326342583],"shadowDarkenColor":[0,0,0,0]}
{"name":"Floodlight_2_32","class":"SpotLight","__parent":"LightGroup_32","position":[120.932358,162.145432,132.040009],"overDarkFactor":[2000,1000,500,1],"range":50,"rotationMatrix":[0.771285474,0.206781343,-0.60196358,-0.0804696828,0.969846308,0.230048895,0.631382048,-0.128993571,0.764668047],"shadowDarkenColor":[0,0,0,0]}
{"name":"FloodPoint_1_32","class":"PointLight","__parent":"LightGroup_32","position":[120.95356,162.17601,132.066849],"brightness":15,"overDarkFactor":[2000,1000,500,1],"radius":0.25,"shadowDarkenColor":[0,0,0,0]}
{"name":"FloodPoint_2_32","class":"PointLight","__parent":"LightGroup_32","position":[120.877838,162.154648,131.127426],"brightness":15,"overDarkFactor":[2000,1000,500,1],"radius":0.25,"shadowDarkenColor":[0,0,0,0]}
{"name":"Floodlight_3_32","class":"SpotLight","__parent":"LightGroup_32","position":[120.654724,160.975876,131.132217],"overDarkFactor":[2000,1000,500,1],"range":50,"rotationMatrix":[-0.342446417,-0.462631047,-0.817742527,-0.0664274544,0.880111039,-0.470097661,0.937186062,-0.106662713,-0.332122296],"shadowDarkenColor":[0,0,0,0]}
{"name":"Floodlight_4_32","class":"SpotLight","__parent":"LightGroup_32","position":[120.649773,160.95491,132.08609],"overDarkFactor":[2000,1000,500,1],"range":50,"rotationMatrix":[-0.630654395,-0.544509172,-0.552978098,-0.361413121,0.836624384,-0.411631048,0.68677181,-0.0597434007,-0.724413574],"shadowDarkenColor":[0,0,0,0]}
{"name":"FloodPoint_4_32","class":"PointLight","__parent":"LightGroup_32","position":[120.616714,160.943115,132.046951],"brightness":15,"overDarkFactor":[2000,1000,500,1],"radius":0.25,"shadowDarkenColor":[0,0,0,0]}
{"name":"FloodPoint_3_32","class":"PointLight","__parent":"LightGroup_32","position":[120.654724,160.975876,131.132217],"brightness":15,"overDarkFactor":[2000,1000,500,1],"radius":0.25,"shadowDarkenColor":[0,0,0,0]}
