{"name":"SpotLight_11021","class":"SpotLight","__parent":"CeilingLight2","position":[-1334.88525,-811.165833,98.2517548],"brightness":0.400000006,"innerAngle":120,"outerAngle":170,"rotationMatrix":[-0.782212734,0.62301147,1.1920929e-07,-2.38418579e-07,-1.1920929e-07,-1,-0.62301147,-0.782212734,2.38418579e-07]}
{"class":"TSStatic","__parent":"CeilingLight2","position":[-1335.59082,-811.904968,97.4590302],"isRenderEnabled":false,"rotationMatrix":[-0.725650609,0.688063323,0,-0.688063323,-0.725650609,0,0,0,0.999999881],"scale":[1,1,0.5],"shapeName":"/levels/west_coast_usa/art/shapes/garage/s_ceiling_light_case.dae","useInstanceRenderData":true}
{"class":"TSStatic","__parent":"CeilingLight2","position":[-1335.59106,-811.905457,97.4589996],"isRenderEnabled":false,"rotationMatrix":[-0.725650609,0.688063323,0,-0.688063323,-0.725650609,0,0,0,0.999999881],"shapeName":"/levels/west_coast_usa/art/shapes/garage/s_ceiling_light_light_on.dae","useInstanceRenderData":true}
{"name":"SpotLight_110111","class":"SpotLight","__parent":"CeilingLight2","position":[-1336.27551,-812.621033,98.2517548],"brightness":0.400000006,"innerAngle":120,"outerAngle":170,"rotationMatrix":[-0.782212734,0.62301147,1.1920929e-07,-2.38418579e-07,-1.1920929e-07,-1,-0.62301147,-0.782212734,2.38418579e-07]}
{"name":"SpotLight_110211","class":"SpotLight","__parent":"CeilingLight2","position":[-1328.9115,-804.865967,98.2517548],"brightness":0.400000006,"innerAngle":120,"outerAngle":170,"rotationMatrix":[-0.782212734,0.62301147,1.1920929e-07,-2.38418579e-07,-1.1920929e-07,-1,-0.62301147,-0.782212734,2.38418579e-07]}
{"class":"TSStatic","__parent":"CeilingLight2","position":[-1329.61707,-805.605103,97.4590302],"isRenderEnabled":false,"rotationMatrix":[-0.725650609,0.688063323,0,-0.688063323,-0.725650609,0,0,0,0.999999881],"scale":[1,1,0.300000012],"shapeName":"/levels/west_coast_usa/art/shapes/garage/s_ceiling_light_case.dae","useInstanceRenderData":true}
{"class":"TSStatic","__parent":"CeilingLight2","position":[-1329.61731,-805.605591,97.4589996],"isRenderEnabled":false,"rotationMatrix":[-0.725650609,0.688063323,0,-0.688063323,-0.725650609,0,0,0,0.999999881],"shapeName":"/levels/west_coast_usa/art/shapes/garage/s_ceiling_light_light_on.dae","useInstanceRenderData":true}
{"name":"SpotLight_1101111","class":"SpotLight","__parent":"CeilingLight2","position":[-1330.30176,-806.321167,98.2517548],"brightness":0.400000006,"innerAngle":120,"outerAngle":170,"rotationMatrix":[-0.782212734,0.62301147,1.1920929e-07,-2.38418579e-07,-1.1920929e-07,-1,-0.62301147,-0.782212734,2.38418579e-07]}
{"name":"SpotLight_11011111","class":"SpotLight","__parent":"CeilingLight2","position":[-1342.18506,-818.853882,98.2517548],"brightness":0.400000006,"innerAngle":120,"outerAngle":170,"rotationMatrix":[-0.782212734,0.62301147,1.1920929e-07,-2.38418579e-07,-1.1920929e-07,-1,-0.62301147,-0.782212734,2.38418579e-07]}
{"name":"SpotLight_1102111","class":"SpotLight","__parent":"CeilingLight2","position":[-1340.7948,-817.398682,98.2517548],"brightness":0.400000006,"innerAngle":120,"outerAngle":170,"rotationMatrix":[-0.782212734,0.62301147,1.1920929e-07,-2.38418579e-07,-1.1920929e-07,-1,-0.62301147,-0.782212734,2.38418579e-07]}
{"class":"TSStatic","__parent":"CeilingLight2","position":[-1341.50037,-818.137817,97.4590302],"isRenderEnabled":false,"rotationMatrix":[-0.725650609,0.688063323,0,-0.688063323,-0.725650609,0,0,0,0.999999881],"scale":[1,1,0.300000012],"shapeName":"/levels/west_coast_usa/art/shapes/garage/s_ceiling_light_case.dae","useInstanceRenderData":true}
{"class":"TSStatic","__parent":"CeilingLight2","position":[-1341.50061,-818.138306,97.4589996],"isRenderEnabled":false,"rotationMatrix":[-0.725650609,0.688063323,0,-0.688063323,-0.725650609,0,0,0,0.999999881],"shapeName":"/levels/west_coast_usa/art/shapes/garage/s_ceiling_light_light_on.dae","useInstanceRenderData":true}
{"name":"SpotLight_110111111","class":"SpotLight","__parent":"CeilingLight2","position":[-1345.82837,-815.399292,98.2517548],"brightness":0.400000006,"innerAngle":120,"outerAngle":170,"rotationMatrix":[-0.782212734,0.62301147,1.1920929e-07,-2.38418579e-07,-1.1920929e-07,-1,-0.62301147,-0.782212734,2.38418579e-07]}
{"name":"SpotLight_11021111","class":"SpotLight","__parent":"CeilingLight2","position":[-1344.43811,-813.944092,98.2517548],"brightness":0.400000006,"innerAngle":120,"outerAngle":170,"rotationMatrix":[-0.782212734,0.62301147,1.1920929e-07,-2.38418579e-07,-1.1920929e-07,-1,-0.62301147,-0.782212734,2.38418579e-07]}
{"class":"TSStatic","__parent":"CeilingLight2","position":[-1345.14392,-814.683716,97.4589996],"isRenderEnabled":false,"rotationMatrix":[-0.725650609,0.688063323,0,-0.688063323,-0.725650609,0,0,0,0.999999881],"shapeName":"/levels/west_coast_usa/art/shapes/garage/s_ceiling_light_light_on.dae","useInstanceRenderData":true}
{"class":"TSStatic","__parent":"CeilingLight2","position":[-1345.14368,-814.683228,97.4590302],"isRenderEnabled":false,"rotationMatrix":[-0.725650609,0.688063323,0,-0.688063323,-0.725650609,0,0,0,0.999999881],"scale":[1,1,0.300000012],"shapeName":"/levels/west_coast_usa/art/shapes/garage/s_ceiling_light_case.dae","useInstanceRenderData":true}
{"name":"SpotLight_110211111","class":"SpotLight","__parent":"CeilingLight2","position":[-1332.78845,-803.777771,95.9708862],"brightness":0.400000006,"innerAngle":120,"outerAngle":170,"rotationMatrix":[-0.782212734,0.62301147,1.1920929e-07,-2.38418579e-07,-1.1920929e-07,-1,-0.62301147,-0.782212734,2.38418579e-07]}
{"name":"SpotLight_1102111111","class":"SpotLight","__parent":"CeilingLight2","position":[-1333.66003,-802.953491,95.9708862],"brightness":0.400000006,"innerAngle":120,"outerAngle":170,"rotationMatrix":[-0.782212734,0.62301147,1.1920929e-07,-2.38418579e-07,-1.1920929e-07,-1,-0.62301147,-0.782212734,2.38418579e-07]}
{"name":"SpotLight_1102111112","class":"SpotLight","__parent":"CeilingLight2","position":[-1335.69153,-801.02655,95.9708862],"brightness":0.400000006,"innerAngle":120,"outerAngle":170,"rotationMatrix":[-0.782212734,0.62301147,1.1920929e-07,-2.38418579e-07,-1.1920929e-07,-1,-0.62301147,-0.782212734,2.38418579e-07]}
{"name":"SpotLight_11021111111","class":"SpotLight","__parent":"CeilingLight2","position":[-1336.56372,-800.200623,95.9708862],"brightness":0.400000006,"innerAngle":120,"outerAngle":170,"rotationMatrix":[-0.782212734,0.62301147,1.1920929e-07,-2.38418579e-07,-1.1920929e-07,-1,-0.62301147,-0.782212734,2.38418579e-07]}
{"name":"SpotLight_110211111111","class":"SpotLight","__parent":"CeilingLight2","position":[-1335.18677,-798.749268,95.9708862],"brightness":0.400000006,"innerAngle":120,"outerAngle":170,"rotationMatrix":[-0.782212734,0.62301147,1.1920929e-07,-2.38418579e-07,-1.1920929e-07,-1,-0.62301147,-0.782212734,2.38418579e-07]}
{"name":"SpotLight_11021111121","class":"SpotLight","__parent":"CeilingLight2","position":[-1334.31506,-799.5755,95.9708862],"brightness":0.400000006,"innerAngle":120,"outerAngle":170,"rotationMatrix":[-0.782212734,0.62301147,1.1920929e-07,-2.38418579e-07,-1.1920929e-07,-1,-0.62301147,-0.782212734,2.38418579e-07]}
