{"name":"Floodlight_1_18","class":"SpotLight","__parent":"LightGroup_18","position":[184.477814,-472.472656,155.450485],"overDarkFactor":[2000,1000,500,1],"range":50,"rotationMatrix":[0.198565483,-0.0603782162,-0.978226006,0.85172689,0.504447758,0.141752422,0.484905183,-0.861328602,0.151591673],"shadowDarkenColor":[0,0,0,0]}
{"name":"Floodlight_2_18","class":"SpotLight","__parent":"LightGroup_18","position":[184.381653,-472.449066,156.322388],"overDarkFactor":[2000,1000,500,1],"range":50,"rotationMatrix":[0.800869703,0.0576796122,-0.596054256,0.475395858,0.544031262,0.691396236,0.364151627,-0.837080121,0.408277541],"shadowDarkenColor":[0,0,0,0]}
{"name":"FloodPoint_1_18","class":"PointLight","__parent":"LightGroup_18","position":[184.369629,-472.414032,156.349457],"brightness":15,"overDarkFactor":[2000,1000,500,1],"radius":0.25,"shadowDarkenColor":[0,0,0,0]}
{"name":"FloodPoint_2_18","class":"PointLight","__parent":"LightGroup_18","position":[184.424759,-472.452484,155.409149],"brightness":15,"overDarkFactor":[2000,1000,500,1],"radius":0.25,"shadowDarkenColor":[0,0,0,0]}
{"name":"Floodlight_3_18","class":"SpotLight","__parent":"LightGroup_18","position":[185.174316,-473.388275,155.451401],"overDarkFactor":[2000,1000,500,1],"range":50,"rotationMatrix":[-0.734526277,-0.322198808,-0.597209394,0.427199513,0.464229494,-0.775881052,0.527230203,-0.825032651,-0.203345582],"shadowDarkenColor":[0,0,0,0]}
{"name":"Floodlight_4_18","class":"SpotLight","__parent":"LightGroup_18","position":[185.0979,-473.439087,156.401093],"overDarkFactor":[2000,1000,500,1],"range":50,"rotationMatrix":[-0.91179806,-0.39163354,-0.123480409,-0.0770694613,0.45856747,-0.885311306,0.403341711,-0.797708631,-0.448303938],"shadowDarkenColor":[0,0,0,0]}
{"name":"FloodPoint_4_18","class":"PointLight","__parent":"LightGroup_18","position":[185.089172,-473.470459,156.359833],"brightness":15,"overDarkFactor":[2000,1000,500,1],"radius":0.25,"shadowDarkenColor":[0,0,0,0]}
{"name":"FloodPoint_3_18","class":"PointLight","__parent":"LightGroup_18","position":[185.174316,-473.388275,155.451401],"brightness":15,"overDarkFactor":[2000,1000,500,1],"radius":0.25,"shadowDarkenColor":[0,0,0,0]}
