{"name":"SpotLight_1102","class":"SpotLight","__parent":"CeilingLight4","position":[-1327.6322,-818.043213,98.2517548],"brightness":0.400000006,"innerAngle":120,"outerAngle":170,"rotationMatrix":[-0.782212734,0.62301147,1.1920929e-07,-2.38418579e-07,-1.1920929e-07,-1,-0.62301147,-0.782212734,2.38418579e-07]}
{"name":"SpotLight_11011","class":"SpotLight","__parent":"CeilingLight4","position":[-1329.02246,-819.498413,98.2517548],"brightness":0.400000006,"innerAngle":120,"outerAngle":170,"rotationMatrix":[-0.782212734,0.62301147,1.1920929e-07,-2.38418579e-07,-1.1920929e-07,-1,-0.62301147,-0.782212734,2.38418579e-07]}
{"class":"TSStatic","__parent":"CeilingLight4","position":[-1328.33801,-818.782837,97.4589996],"isRenderEnabled":false,"rotationMatrix":[-0.725650609,0.688063323,0,-0.688063323,-0.725650609,0,0,0,0.999999881],"shapeName":"/levels/west_coast_usa/art/shapes/garage/s_ceiling_light_light_on.dae","useInstanceRenderData":true}
{"class":"TSStatic","__parent":"CeilingLight4","position":[-1328.33777,-818.782349,97.4590302],"isRenderEnabled":false,"rotationMatrix":[-0.725650609,0.688063323,0,-0.688063323,-0.725650609,0,0,0,0.999999881],"scale":[1,1,0.300000012],"shapeName":"/levels/west_coast_usa/art/shapes/garage/s_ceiling_light_case.dae","useInstanceRenderData":true}
{"name":"SpotLight_11023","class":"SpotLight","__parent":"CeilingLight4","position":[-1321.65845,-811.743347,98.2517548],"brightness":0.400000006,"innerAngle":120,"outerAngle":170,"rotationMatrix":[-0.782212734,0.62301147,1.1920929e-07,-2.38418579e-07,-1.1920929e-07,-1,-0.62301147,-0.782212734,2.38418579e-07]}
{"name":"SpotLight_110113","class":"SpotLight","__parent":"CeilingLight4","position":[-1323.04871,-813.198547,98.2517548],"brightness":0.400000006,"innerAngle":120,"outerAngle":170,"rotationMatrix":[-0.782212734,0.62301147,1.1920929e-07,-2.38418579e-07,-1.1920929e-07,-1,-0.62301147,-0.782212734,2.38418579e-07]}
{"class":"TSStatic","__parent":"CeilingLight4","position":[-1322.36401,-812.482483,97.4590302],"isRenderEnabled":false,"rotationMatrix":[-0.725650609,0.688063323,0,-0.688063323,-0.725650609,0,0,0,0.999999881],"scale":[1,1,0.300000012],"shapeName":"/levels/west_coast_usa/art/shapes/garage/s_ceiling_light_case.dae","useInstanceRenderData":true}
{"class":"TSStatic","__parent":"CeilingLight4","position":[-1322.36426,-812.482971,97.4589996],"isRenderEnabled":false,"rotationMatrix":[-0.725650609,0.688063323,0,-0.688063323,-0.725650609,0,0,0,0.999999881],"shapeName":"/levels/west_coast_usa/art/shapes/garage/s_ceiling_light_light_on.dae","useInstanceRenderData":true}
{"class":"TSStatic","__parent":"CeilingLight4","position":[-1334.24756,-825.015686,97.4589996],"isRenderEnabled":false,"rotationMatrix":[-0.725650609,0.688063323,0,-0.688063323,-0.725650609,0,0,0,0.999999881],"shapeName":"/levels/west_coast_usa/art/shapes/garage/s_ceiling_light_light_on.dae","useInstanceRenderData":true}
{"class":"TSStatic","__parent":"CeilingLight4","position":[-1334.24731,-825.015198,97.4590302],"isRenderEnabled":false,"rotationMatrix":[-0.725650609,0.688063323,0,-0.688063323,-0.725650609,0,0,0,0.999999881],"scale":[1,1,0.300000012],"shapeName":"/levels/west_coast_usa/art/shapes/garage/s_ceiling_light_case.dae","useInstanceRenderData":true}
{"name":"SpotLight_1101131","class":"SpotLight","__parent":"CeilingLight4","position":[-1334.93201,-825.731262,98.2517548],"brightness":0.400000006,"innerAngle":120,"outerAngle":170,"rotationMatrix":[-0.782212734,0.62301147,1.1920929e-07,-2.38418579e-07,-1.1920929e-07,-1,-0.62301147,-0.782212734,2.38418579e-07]}
{"name":"SpotLight_110231","class":"SpotLight","__parent":"CeilingLight4","position":[-1333.54175,-824.276062,98.2517548],"brightness":0.400000006,"innerAngle":120,"outerAngle":170,"rotationMatrix":[-0.782212734,0.62301147,1.1920929e-07,-2.38418579e-07,-1.1920929e-07,-1,-0.62301147,-0.782212734,2.38418579e-07]}
