{"name":"Floodlight_1_4","class":"SpotLight","__parent":"LightGroup_4","position":[7.96864986,71.2602463,131.031708],"overDarkFactor":[2000,1000,500,1],"range":50,"rotationMatrix":[0.300277174,-0.0541595407,-0.952313125,-0.4486579,-0.889068305,-0.0909051895,-0.841748118,0.454559594,-0.291266054],"shadowDarkenColor":[0,0,0,0]}
{"name":"Floodlight_2_4","class":"SpotLight","__parent":"LightGroup_4","position":[7.95672417,71.2016068,131.907166],"overDarkFactor":[2000,1000,500,1],"range":50,"rotationMatrix":[0.68560338,-0.225433052,-0.692190647,-0.445406735,-0.881998956,-0.153918087,-0.575813234,0.413833171,-0.705110908],"shadowDarkenColor":[0,0,0,0]}
{"name":"FloodPoint_1_4","class":"PointLight","__parent":"LightGroup_4","position":[7.94557095,71.1660004,131.933868],"brightness":15,"overDarkFactor":[2000,1000,500,1],"radius":0.25,"shadowDarkenColor":[0,0,0,0]}
{"name":"FloodPoint_2_4","class":"PointLight","__parent":"LightGroup_4","position":[8.00619316,71.2141495,130.994339],"brightness":15,"overDarkFactor":[2000,1000,500,1],"radius":0.25,"shadowDarkenColor":[0,0,0,0]}
{"name":"Floodlight_3_4","class":"SpotLight","__parent":"LightGroup_4","position":[7.87402821,72.4064941,131.006927],"overDarkFactor":[2000,1000,500,1],"range":50,"rotationMatrix":[-0.197379902,0.343192786,-0.918291748,-0.473653972,-0.853514373,-0.217175156,-0.858308196,0.392086595,0.331021219],"shadowDarkenColor":[0,0,0,0]}
{"name":"Floodlight_4_4","class":"SpotLight","__parent":"LightGroup_4","position":[7.87821579,72.4223785,131.960892],"overDarkFactor":[2000,1000,500,1],"range":50,"rotationMatrix":[-0.571233749,0.409351468,-0.711423337,-0.534002304,-0.843584776,-0.0566223562,-0.623324394,0.347557217,0.700478852],"shadowDarkenColor":[0,0,0,0]}
{"name":"FloodPoint_4_4","class":"PointLight","__parent":"LightGroup_4","position":[7.90613365,72.4435654,131.921722],"brightness":15,"overDarkFactor":[2000,1000,500,1],"radius":0.25,"shadowDarkenColor":[0,0,0,0]}
{"name":"FloodPoint_3_4","class":"PointLight","__parent":"LightGroup_4","position":[7.87402821,72.4064941,131.006927],"brightness":15,"overDarkFactor":[2000,1000,500,1],"radius":0.25,"shadowDarkenColor":[0,0,0,0]}
