{"name":"Floodlight_1_11","class":"SpotLight","__parent":"LightGroup_11","position":[-159.346237,-272.094574,131.24649],"overDarkFactor":[2000,1000,500,1],"range":50,"rotationMatrix":[0.312476039,0.00893579144,-0.94988364,-0.869598687,0.405130476,-0.282254159,0.382304668,0.914215207,0.134364128],"shadowDarkenColor":[0,0,0,0]}
{"name":"Floodlight_2_11","class":"SpotLight","__parent":"LightGroup_11","position":[-159.293777,-272.114563,132.122192],"overDarkFactor":[2000,1000,500,1],"range":50,"rotationMatrix":[0.622511506,0.0814053118,-0.778365374,-0.748088539,0.354032367,-0.561270595,0.229876161,0.93168354,0.281287611],"shadowDarkenColor":[0,0,0,0]}
{"name":"FloodPoint_1_11","class":"PointLight","__parent":"LightGroup_11","position":[-159.258987,-272.127808,132.149033],"brightness":15,"overDarkFactor":[2000,1000,500,1],"radius":0.25,"shadowDarkenColor":[0,0,0,0]}
{"name":"FloodPoint_2_11","class":"PointLight","__parent":"LightGroup_11","position":[-159.297928,-272.059418,131.20961],"brightness":15,"overDarkFactor":[2000,1000,500,1],"radius":0.25,"shadowDarkenColor":[0,0,0,0]}
{"name":"Floodlight_3_11","class":"SpotLight","__parent":"LightGroup_11","position":[-160.495789,-272.125916,131.214401],"overDarkFactor":[2000,1000,500,1],"range":50,"rotationMatrix":[0.0640722811,-0.145369709,-0.987300515,-0.944981396,0.309181482,-0.10684967,0.320787758,0.939826787,-0.11756172],"shadowDarkenColor":[0,0,0,0]}
{"name":"Floodlight_4_11","class":"SpotLight","__parent":"LightGroup_11","position":[-160.517319,-272.126129,132.168274],"overDarkFactor":[2000,1000,500,1],"range":50,"rotationMatrix":[-0.313850015,-0.147801623,-0.93789804,-0.927878618,0.25721845,0.269962609,0.20134379,0.954983413,-0.217870012],"shadowDarkenColor":[0,0,0,0]}
{"name":"FloodPoint_4_11","class":"PointLight","__parent":"LightGroup_11","position":[-160.536697,-272.096893,132.129135],"brightness":15,"overDarkFactor":[2000,1000,500,1],"radius":0.25,"shadowDarkenColor":[0,0,0,0]}
{"name":"FloodPoint_3_11","class":"PointLight","__parent":"LightGroup_11","position":[-160.495789,-272.125916,131.214401],"brightness":15,"overDarkFactor":[2000,1000,500,1],"radius":0.25,"shadowDarkenColor":[0,0,0,0]}
