{"name":"Floodlight_1_34","class":"SpotLight","__parent":"LightGroup_34","position":[41.4431953,-45.7652969,131.270248],"overDarkFactor":[2000,1000,500,1],"range":50,"rotationMatrix":[0.285111785,0.0881481394,-0.954432368,-0.191638783,-0.970414042,-0.146871239,-0.939141035,0.224780992,-0.259783894],"shadowDarkenColor":[0,0,0,0]}
{"name":"Floodlight_2_34","class":"SpotLight","__parent":"LightGroup_34","position":[41.4033852,-45.8743973,132.14003],"overDarkFactor":[2000,1000,500,1],"range":50,"rotationMatrix":[0.689087868,-0.152772948,-0.708391428,-0.23477,-0.971869528,-0.0187774301,-0.685595393,0.179248333,-0.705570042],"shadowDarkenColor":[0,0,0,0]}
{"name":"FloodPoint_1_34","class":"PointLight","__parent":"LightGroup_34","position":[41.3834724,-45.9078255,132.164352],"brightness":15,"overDarkFactor":[2000,1000,500,1],"radius":0.25,"shadowDarkenColor":[0,0,0,0]}
{"name":"FloodPoint_2_34","class":"PointLight","__parent":"LightGroup_34","position":[41.4689827,-45.8166962,131.229965],"brightness":15,"overDarkFactor":[2000,1000,500,1],"radius":0.25,"shadowDarkenColor":[0,0,0,0]}
{"name":"Floodlight_3_34","class":"SpotLight","__parent":"LightGroup_34","position":[41.6308365,-44.631382,131.320145],"overDarkFactor":[2000,1000,500,1],"range":50,"rotationMatrix":[-0.221550956,0.56156677,-0.797218919,-0.333131164,-0.811937094,-0.479355663,-0.916481733,0.159376755,0.366960794],"shadowDarkenColor":[0,0,0,0]}
{"name":"Floodlight_4_34","class":"SpotLight","__parent":"LightGroup_34","position":[41.6235352,-44.6772614,132.273132],"overDarkFactor":[2000,1000,500,1],"range":50,"rotationMatrix":[-0.510976017,0.658277571,-0.552787423,-0.55269295,-0.74412632,-0.375241637,-0.658356965,0.113782302,0.744056165],"shadowDarkenColor":[0,0,0,0]}
{"name":"FloodPoint_4_34","class":"PointLight","__parent":"LightGroup_34","position":[41.6563911,-44.6610909,132.235413],"brightness":15,"overDarkFactor":[2000,1000,500,1],"radius":0.25,"shadowDarkenColor":[0,0,0,0]}
{"name":"FloodPoint_3_34","class":"PointLight","__parent":"LightGroup_34","position":[41.6308365,-44.631382,131.320145],"brightness":15,"overDarkFactor":[2000,1000,500,1],"radius":0.25,"shadowDarkenColor":[0,0,0,0]}
