{"name":"Floodlight_1_10","class":"SpotLight","__parent":"LightGroup_10","position":[131.781631,135.65799,130.958878],"overDarkFactor":[2000,1000,500,1],"range":50,"rotationMatrix":[0.302209228,0.0483599454,-0.952014089,0.535492718,-0.834847808,0.127579674,-0.788617194,-0.54835242,-0.278195113],"shadowDarkenColor":[0,0,0,0]}
{"name":"Floodlight_2_10","class":"SpotLight","__parent":"LightGroup_10","position":[131.7267,135.646362,131.834579],"overDarkFactor":[2000,1000,500,1],"range":50,"rotationMatrix":[0.821278989,-0.145951614,-0.551542282,0.232800186,-0.796853364,0.557520151,-0.520869315,-0.586278737,-0.620461404],"shadowDarkenColor":[0,0,0,0]}
{"name":"FloodPoint_1_10","class":"PointLight","__parent":"LightGroup_10","position":[131.690292,135.638657,131.86142],"brightness":15,"overDarkFactor":[2000,1000,500,1],"radius":0.25,"shadowDarkenColor":[0,0,0,0]}
{"name":"FloodPoint_2_10","class":"PointLight","__parent":"LightGroup_10","position":[131.760056,135.602264,130.921997],"brightness":15,"overDarkFactor":[2000,1000,500,1],"radius":0.25,"shadowDarkenColor":[0,0,0,0]}
{"name":"Floodlight_3_10","class":"SpotLight","__parent":"LightGroup_10","position":[132.731033,136.3069,130.926804],"overDarkFactor":[2000,1000,500,1],"range":50,"rotationMatrix":[-0.570949793,0.425653309,-0.702022374,0.317308605,-0.674238086,-0.666871846,-0.757186532,-0.603508174,0.249892667],"shadowDarkenColor":[0,0,0,0]}
{"name":"Floodlight_4_10","class":"SpotLight","__parent":"LightGroup_10","position":[132.749008,136.318741,131.880676],"overDarkFactor":[2000,1000,500,1],"range":50,"rotationMatrix":[-0.834864974,0.480658472,-0.268268347,-0.0897002816,-0.599639654,-0.79522711,-0.54309696,-0.639843524,0.543733299],"shadowDarkenColor":[0,0,0,0]}
{"name":"FloodPoint_4_10","class":"PointLight","__parent":"LightGroup_10","position":[132.781143,136.304642,131.841537],"brightness":15,"overDarkFactor":[2000,1000,500,1],"radius":0.25,"shadowDarkenColor":[0,0,0,0]}
{"name":"FloodPoint_3_10","class":"PointLight","__parent":"LightGroup_10","position":[132.731033,136.3069,130.926804],"brightness":15,"overDarkFactor":[2000,1000,500,1],"radius":0.25,"shadowDarkenColor":[0,0,0,0]}
