{"name":"Floodlight_1_24","class":"SpotLight","__parent":"LightGroup_24","position":[751.517761,108.89138,165.175964],"overDarkFactor":[2000,1000,500,1],"range":50,"rotationMatrix":[0.326793909,0.0681503341,-0.942635238,0.104598321,-0.993877351,-0.0355927572,-0.93928951,-0.0869665742,-0.331921518],"shadowDarkenColor":[0,0,0,0]}
{"name":"Floodlight_2_24","class":"SpotLight","__parent":"LightGroup_24","position":[751.474915,108.855125,166.051666],"overDarkFactor":[2000,1000,500,1],"range":50,"rotationMatrix":[0.768118858,-0.172696158,-0.616578758,-0.0490280241,-0.975977719,0.212281525,-0.638427436,-0.132827818,-0.758133948],"shadowDarkenColor":[0,0,0,0]}
{"name":"FloodPoint_1_24","class":"PointLight","__parent":"LightGroup_24","position":[751.446472,108.8311,166.078522],"brightness":15,"overDarkFactor":[2000,1000,500,1],"radius":0.25,"shadowDarkenColor":[0,0,0,0]}
{"name":"FloodPoint_2_24","class":"PointLight","__parent":"LightGroup_24","position":[751.525146,108.832085,165.139084],"brightness":15,"overDarkFactor":[2000,1000,500,1],"radius":0.25,"shadowDarkenColor":[0,0,0,0]}
{"name":"Floodlight_3_24","class":"SpotLight","__parent":"LightGroup_24","position":[752.046814,109.912437,165.14389],"overDarkFactor":[2000,1000,500,1],"range":50,"rotationMatrix":[-0.338455528,0.540982246,-0.769925952,-0.0465873405,-0.826845229,-0.560496628,-0.939828396,-0.153834403,0.305053294],"shadowDarkenColor":[0,0,0,0]}
{"name":"Floodlight_4_24","class":"SpotLight","__parent":"LightGroup_24","position":[752.057007,109.931381,166.097763],"overDarkFactor":[2000,1000,500,1],"range":50,"rotationMatrix":[-0.630622864,0.628263175,-0.455631673,-0.342171639,-0.752022803,-0.563365221,-0.696586907,-0.199366733,0.689216614],"shadowDarkenColor":[0,0,0,0]}
{"name":"FloodPoint_4_24","class":"PointLight","__parent":"LightGroup_24","position":[752.09198,109.934174,166.058624],"brightness":15,"overDarkFactor":[2000,1000,500,1],"radius":0.25,"shadowDarkenColor":[0,0,0,0]}
{"name":"FloodPoint_3_24","class":"PointLight","__parent":"LightGroup_24","position":[752.046814,109.912437,165.14389],"brightness":15,"overDarkFactor":[2000,1000,500,1],"radius":0.25,"shadowDarkenColor":[0,0,0,0]}
