{"name":"Floodlight_1_31","class":"SpotLight","__parent":"LightGroup_31","position":[90.5402832,97.2931442,131.023453],"overDarkFactor":[2000,1000,500,1],"range":50,"rotationMatrix":[0.305618793,0.00414576987,-0.952144861,-0.941706955,0.149041712,-0.3016195,0.14065887,0.988822162,0.0494540557],"shadowDarkenColor":[0,0,0,0]}
{"name":"Floodlight_2_31","class":"SpotLight","__parent":"LightGroup_31","position":[90.5856018,97.2600021,131.899155],"overDarkFactor":[2000,1000,500,1],"range":50,"rotationMatrix":[0.611914933,0.0236427654,-0.790570021,-0.788184702,0.101338007,-0.607038021,0.0657627434,0.994570971,0.0806451216],"shadowDarkenColor":[0,0,0,0]}
{"name":"FloodPoint_1_31","class":"PointLight","__parent":"LightGroup_31","position":[90.6156464,97.2380371,131.925995],"brightness":15,"overDarkFactor":[2000,1000,500,1],"radius":0.25,"shadowDarkenColor":[0,0,0,0]}
{"name":"FloodPoint_2_31","class":"PointLight","__parent":"LightGroup_31","position":[90.5961685,97.3142853,130.986572],"brightness":15,"overDarkFactor":[2000,1000,500,1],"radius":0.25,"shadowDarkenColor":[0,0,0,0]}
{"name":"Floodlight_3_31","class":"SpotLight","__parent":"LightGroup_31","position":[89.4233475,97.5667953,130.991364],"overDarkFactor":[2000,1000,500,1],"range":50,"rotationMatrix":[0.0758522153,-0.0337765142,-0.996546745,-0.994223535,0.0735464469,-0.078168124,0.0759327263,0.996719658,-0.0280027501],"shadowDarkenColor":[0,0,0,0]}
{"name":"Floodlight_4_31","class":"SpotLight","__parent":"LightGroup_31","position":[89.4025192,97.572258,131.945236],"overDarkFactor":[2000,1000,500,1],"range":50,"rotationMatrix":[-0.311770052,-0.0163407344,-0.950017035,-0.949887693,0.0291894879,0.311225504,0.0226448569,0.999440312,-0.0246222708],"shadowDarkenColor":[0,0,0,0]}
{"name":"FloodPoint_4_31","class":"PointLight","__parent":"LightGroup_31","position":[89.3915634,97.6055984,131.906097],"brightness":15,"overDarkFactor":[2000,1000,500,1],"radius":0.25,"shadowDarkenColor":[0,0,0,0]}
{"name":"FloodPoint_3_31","class":"PointLight","__parent":"LightGroup_31","position":[89.4233475,97.5667953,130.991364],"brightness":15,"overDarkFactor":[2000,1000,500,1],"radius":0.25,"shadowDarkenColor":[0,0,0,0]}
