{"name":"Floodlight_1_21","class":"SpotLight","__parent":"LightGroup_21","position":[763.59259,210.078598,167.822952],"overDarkFactor":[2000,1000,500,1],"range":50,"rotationMatrix":[0.318817586,0.0103174048,-0.947759986,-0.752867818,0.610222399,-0.246614769,0.575800002,0.792163014,0.202317297],"shadowDarkenColor":[0,0,0,0]}
{"name":"Floodlight_2_21","class":"SpotLight","__parent":"LightGroup_21","position":[763.648315,210.071609,168.698654],"overDarkFactor":[2000,1000,500,1],"range":50,"rotationMatrix":[0.639705241,0.126949146,-0.758063972,-0.677275479,0.559429348,-0.477845639,0.363421202,0.819098651,0.443849504],"shadowDarkenColor":[0,0,0,0]}
{"name":"FloodPoint_1_21","class":"PointLight","__parent":"LightGroup_21","position":[763.685242,210.066986,168.725494],"brightness":15,"overDarkFactor":[2000,1000,500,1],"radius":0.25,"shadowDarkenColor":[0,0,0,0]}
{"name":"FloodPoint_2_21","class":"PointLight","__parent":"LightGroup_21","position":[763.631226,210.124207,167.786072],"brightness":15,"overDarkFactor":[2000,1000,500,1],"radius":0.25,"shadowDarkenColor":[0,0,0,0]}
{"name":"Floodlight_3_21","class":"SpotLight","__parent":"LightGroup_21","position":[762.483215,209.775848,167.790863],"overDarkFactor":[2000,1000,500,1],"range":50,"rotationMatrix":[0.02966398,-0.240026817,-0.970312834,-0.852948427,0.500046849,-0.149772853,0.521151483,0.832069814,-0.18989715],"shadowDarkenColor":[0,0,0,0]}
{"name":"Floodlight_4_21","class":"SpotLight","__parent":"LightGroup_21","position":[762.462341,209.770523,168.744736],"overDarkFactor":[2000,1000,500,1],"range":50,"rotationMatrix":[-0.336128771,-0.260840625,-0.904974878,-0.874326587,0.443609774,0.196883768,0.350100428,0.857421994,-0.377169937],"shadowDarkenColor":[0,0,0,0]}
{"name":"FloodPoint_4_21","class":"PointLight","__parent":"LightGroup_21","position":[762.436584,209.794342,168.705597],"brightness":15,"overDarkFactor":[2000,1000,500,1],"radius":0.25,"shadowDarkenColor":[0,0,0,0]}
{"name":"FloodPoint_3_21","class":"PointLight","__parent":"LightGroup_21","position":[762.483215,209.775848,167.790863],"brightness":15,"overDarkFactor":[2000,1000,500,1],"radius":0.25,"shadowDarkenColor":[0,0,0,0]}
