{"name":"Floodlight_1_25","class":"SpotLight","__parent":"LightGroup_25","position":[-962.388428,-557.849121,115.974983],"overDarkFactor":[2000,1000,500,1],"range":50,"rotationMatrix":[0.298050135,-0.0104800602,-0.954492688,-0.916745722,-0.281766444,-0.283169538,-0.265976399,0.959425807,-0.093588084],"shadowDarkenColor":[0,0,0,0]}
{"name":"Floodlight_2_25","class":"SpotLight","__parent":"LightGroup_25","position":[-962.361267,-557.898315,116.850685],"overDarkFactor":[2000,1000,500,1],"range":50,"rotationMatrix":[0.616375566,-0.0755192786,-0.783822715,-0.760288358,-0.316261709,-0.567397833,-0.205043629,0.945661366,-0.252352417],"shadowDarkenColor":[0,0,0,0]}
{"name":"FloodPoint_1_25","class":"PointLight","__parent":"LightGroup_25","position":[-962.343323,-557.930908,116.877525],"brightness":15,"overDarkFactor":[2000,1000,500,1],"radius":0.25,"shadowDarkenColor":[0,0,0,0]}
{"name":"FloodPoint_2_25","class":"PointLight","__parent":"LightGroup_25","position":[-962.328796,-557.853516,115.938103],"brightness":15,"overDarkFactor":[2000,1000,500,1],"radius":0.25,"shadowDarkenColor":[0,0,0,0]}
{"name":"Floodlight_3_25","class":"SpotLight","__parent":"LightGroup_25","position":[-963.285706,-557.129944,115.942902],"overDarkFactor":[2000,1000,500,1],"range":50,"rotationMatrix":[0.0357683301,0.140277892,-0.989465833,-0.944903731,-0.317626089,-0.0791876912,-0.325388461,0.937782407,0.121188141],"shadowDarkenColor":[0,0,0,0]}
{"name":"Floodlight_4_25","class":"SpotLight","__parent":"LightGroup_25","position":[-963.302307,-557.116211,116.896774],"overDarkFactor":[2000,1000,500,1],"range":50,"rotationMatrix":[-0.357893705,0.184992999,-0.915253818,-0.895681262,-0.34507823,0.280492246,-0.263945132,0.920162201,0.289196104],"shadowDarkenColor":[0,0,0,0]}
{"name":"FloodPoint_4_25","class":"PointLight","__parent":"LightGroup_25","position":[-963.298157,-557.08136,116.857635],"brightness":15,"overDarkFactor":[2000,1000,500,1],"radius":0.25,"shadowDarkenColor":[0,0,0,0]}
{"name":"FloodPoint_3_25","class":"PointLight","__parent":"LightGroup_25","position":[-963.285706,-557.129944,115.942902],"brightness":15,"overDarkFactor":[2000,1000,500,1],"radius":0.25,"shadowDarkenColor":[0,0,0,0]}
