{"class":"TSStatic","__parent":"SecretGarage","position":[-1344.66187,-814.516602,98.2771225],"isRenderEnabled":false,"rotationMatrix":[0.688063323,0.725650609,0,-0.725650609,0.688063323,0,0,0,0.999999881],"scale":[1,1,0.75],"shapeName":"/levels/west_coast_usa/art/shapes/garage/s_lights_electrical_line_across_10m.dae","useInstanceRenderData":true}
{"class":"TSStatic","__parent":"SecretGarage","position":[-1344.67212,-814.510132,98.2770157],"isRenderEnabled":false,"rotationMatrix":[-0.688063443,-0.725650549,0,0.725650549,-0.688063443,0,0,0,0.999999881],"scale":[1,1,0.75],"shapeName":"/levels/west_coast_usa/art/shapes/garage/s_lights_electrical_line_end_l.dae","useInstanceRenderData":true}
{"class":"TSStatic","__parent":"SecretGarage","position":[-1337.40198,-821.400391,98.2771225],"isRenderEnabled":false,"rotationMatrix":[0.688063323,0.725650609,0,-0.725650609,0.688063323,0,0,0,0.999999881],"scale":[1,1,0.75],"shapeName":"/levels/west_coast_usa/art/shapes/garage/s_lights_electrical_line_across_10m.dae","useInstanceRenderData":true}
{"class":"TSStatic","__parent":"SecretGarage","position":[-1330.14355,-828.285889,98.2770157],"isRenderEnabled":false,"rotationMatrix":[0.688063323,0.725650609,0,-0.725650609,0.688063323,0,0,0,0.999999881],"scale":[1,1,0.75],"shapeName":"/levels/west_coast_usa/art/shapes/garage/s_lights_electrical_line_end_r.dae","useInstanceRenderData":true}
{"class":"TSStatic","__parent":"SecretGarage","position":[-1339.13208,-808.667603,98.2770157],"isRenderEnabled":false,"rotationMatrix":[-0.688063443,-0.725650549,0,0.725650549,-0.688063443,0,0,0,0.999999881],"scale":[1,1,0.75],"shapeName":"/levels/west_coast_usa/art/shapes/garage/s_lights_electrical_line_end_l.dae","useInstanceRenderData":true}
{"class":"TSStatic","__parent":"SecretGarage","position":[-1339.12183,-808.674072,98.2771225],"isRenderEnabled":false,"rotationMatrix":[0.688063323,0.725650609,0,-0.725650609,0.688063323,0,0,0,0.999999881],"scale":[1,1,0.75],"shapeName":"/levels/west_coast_usa/art/shapes/garage/s_lights_electrical_line_across_10m.dae","useInstanceRenderData":true}
{"class":"TSStatic","__parent":"SecretGarage","position":[-1331.86194,-815.557861,98.2771225],"isRenderEnabled":false,"rotationMatrix":[0.688063323,0.725650609,0,-0.725650609,0.688063323,0,0,0,0.999999881],"scale":[1,1,0.75],"shapeName":"/levels/west_coast_usa/art/shapes/garage/s_lights_electrical_line_across_10m.dae","useInstanceRenderData":true}
{"class":"TSStatic","__parent":"SecretGarage","position":[-1324.60352,-822.443359,98.2770157],"isRenderEnabled":false,"rotationMatrix":[0.688063323,0.725650609,0,-0.725650609,0.688063323,0,0,0,0.999999881],"scale":[1,1,0.75],"shapeName":"/levels/west_coast_usa/art/shapes/garage/s_lights_electrical_line_end_r.dae","useInstanceRenderData":true}
{"class":"TSStatic","__parent":"SecretGarage","position":[-1332.77893,-801.967407,98.2770157],"isRenderEnabled":false,"rotationMatrix":[-0.688063443,-0.725650549,0,0.725650549,-0.688063443,0,0,0,0.999999881],"scale":[1,1,0.75],"shapeName":"/levels/west_coast_usa/art/shapes/garage/s_lights_electrical_line_end_l.dae","useInstanceRenderData":true}
{"class":"TSStatic","__parent":"SecretGarage","position":[-1332.76868,-801.973877,98.2771225],"isRenderEnabled":false,"rotationMatrix":[0.688063323,0.725650609,0,-0.725650609,0.688063323,0,0,0,0.999999881],"scale":[1,1,0.75],"shapeName":"/levels/west_coast_usa/art/shapes/garage/s_lights_electrical_line_across_10m.dae","useInstanceRenderData":true}
{"class":"TSStatic","__parent":"SecretGarage","position":[-1325.50879,-808.857666,98.2771225],"isRenderEnabled":false,"rotationMatrix":[0.688063323,0.725650609,0,-0.725650609,0.688063323,0,0,0,0.999999881],"scale":[1,1,0.75],"shapeName":"/levels/west_coast_usa/art/shapes/garage/s_lights_electrical_line_across_10m.dae","useInstanceRenderData":true}
{"class":"TSStatic","__parent":"SecretGarage","position":[-1318.25037,-815.743164,98.2770157],"isRenderEnabled":false,"rotationMatrix":[0.688063323,0.725650609,0,-0.725650609,0.688063323,0,0,0,0.999999881],"scale":[1,1,0.75],"shapeName":"/levels/west_coast_usa/art/shapes/garage/s_lights_electrical_line_end_r.dae","useInstanceRenderData":true}
{"class":"TSStatic","__parent":"SecretGarage","position":[-1315.43164,-816.085571,97.325798],"isRenderEnabled":false,"rotationMatrix":[0.688063323,0.725650609,0,-0.725650609,0.688063323,0,0,0,0.999999881],"scale":[1,1,0.5],"shapeName":"/levels/west_coast_usa/art/shapes/garage/s_support_secondary_beam_10m.dae","useInstanceRenderData":true}
{"class":"TSStatic","__parent":"SecretGarage","position":[-1315.49817,-821.226379,93.0680466],"isRenderEnabled":false,"rotationMatrix":[-0.688063443,-0.72565037,0,0.72565037,-0.688063443,0,0,0,0.999999881],"scale":[0.5,0.75,0.479999989],"shapeName":"/levels/west_coast_usa/art/shapes/garage/s_support_wall_lattice.dae","useInstanceRenderData":true}
{"class":"TSStatic","__parent":"SecretGarage","position":[-1347.86523,-816.247437,93.0680466],"isRenderEnabled":false,"rotationMatrix":[-0.725650609,0.688063323,0,-0.688063323,-0.725650609,0,0,0,0.999999881],"scale":[0.435000002,0.75,0.479999989],"shapeName":"/levels/west_coast_usa/art/shapes/garage/s_support_wall_lattice.dae","useInstanceRenderData":true}
{"class":"TSStatic","__parent":"SecretGarage","position":[-1328.86963,-804.572021,95.3305206],"isRenderEnabled":false,"rotationMatrix":[0.816917419,-0.57675457,0,0.57675457,0.816917419,0,0,0,1],"shapeName":"/art/shapes/garage_and_dealership/Clutter/cbbox_new_a.DAE","useInstanceRenderData":true}
{"class":"TSStatic","__parent":"SecretGarage","position":[-1328.35217,-834.782349,93.0680466],"isRenderEnabled":false,"rotationMatrix":[-0.688063443,-0.72565037,0,0.72565037,-0.688063443,0,0,0,0.999999881],"scale":[0.5,0.75,0.479999989],"shapeName":"/levels/west_coast_usa/art/shapes/garage/s_support_wall_lattice.dae","useInstanceRenderData":true}
{"class":"TSStatic","__parent":"SecretGarage","position":[-1343.66284,-816.759766,97.325798],"isRenderEnabled":false,"rotationMatrix":[0.688063323,0.725650609,0,-0.725650609,0.688063323,0,0,0,0.999999881],"scale":[1,1,0.5],"shapeName":"/levels/west_coast_usa/art/shapes/garage/s_support_secondary_beam_10m.dae","useInstanceRenderData":true}
{"class":"TSStatic","__parent":"SecretGarage","position":[-1334.99695,-795.836853,93.0680466],"isRenderEnabled":false,"rotationMatrix":[0.725650549,-0.688063323,0,0.688063323,0.725650549,0,0,0,0.999999881],"scale":[0.5,0.75,0.479999989],"shapeName":"/levels/west_coast_usa/art/shapes/garage/s_support_wall_lattice.dae","useInstanceRenderData":true}
{"name":"Nightfall_GarageExit","class":"SpawnSphere","__parent":"SecretGarage","position":[-1339.51965,-807.992065,100.330063],"dataBlock":"SpawnSphereMarker","radius":1,"rotationMatrix":[0.67252171,0.740077376,-2.54621142e-08,-0.740077376,0.67252171,2.80198229e-08,3.78606551e-08,-4.44089252e-15,0.999999881],"spawnClass":"Player","sphereWeight0":"1"}
{"class":"TSStatic","__parent":"SecretGarage","position":[-1321.28052,-809.797424,93.0680466],"isRenderEnabled":false,"shapeName":"/art/shapes/garage_and_dealership/Clutter/cbbox_large_dirt.DAE","useInstanceRenderData":true}
{"class":"TSStatic","__parent":"SecretGarage","position":[-1321.72986,-827.798096,93.0680466],"isRenderEnabled":false,"rotationMatrix":[-0.688063443,-0.72565037,0,0.72565037,-0.688063443,0,0,0,0.999999881],"scale":[0.435000002,0.75,0.479999989],"shapeName":"/levels/west_coast_usa/art/shapes/garage/s_support_wall_lattice.dae","useInstanceRenderData":true}
{"class":"TSStatic","__parent":"SecretGarage","position":[-1328.89441,-804.370483,94.1898499],"isRenderEnabled":false,"shapeName":"/art/shapes/garage_and_dealership/Clutter/clutter_workshop_short_bottle.dae","useInstanceRenderData":true}
{"class":"TSStatic","__parent":"SecretGarage","position":[-1331.57129,-799.063416,93.0680466],"isRenderEnabled":false,"rotationMatrix":[0.725650549,-0.688063323,0,0.688063323,0.725650549,0,0,0,0.999999881],"scale":[0.435000002,0.75,0.479999989],"shapeName":"/levels/west_coast_usa/art/shapes/garage/s_support_wall_lattice.dae","useInstanceRenderData":true}
{"class":"TSStatic","__parent":"SecretGarage","position":[-1321.95642,-809.555969,93.0680466],"isRenderEnabled":false,"rotationMatrix":[0.855968535,0.517027855,0,-0.517027855,0.855968535,0,0,0,1],"shapeName":"/art/shapes/garage_and_dealership/Clutter/cbbox_small_dirt.DAE","useInstanceRenderData":true}
{"class":"TSStatic","__parent":"SecretGarage","position":[-1318.73267,-824.637329,93.0680466],"isRenderEnabled":false,"rotationMatrix":[-0.688063443,-0.72565037,0,0.72565037,-0.688063443,0,0,0,0.999999881],"scale":[0.435000002,0.75,0.479999989],"shapeName":"/levels/west_coast_usa/art/shapes/garage/s_support_wall_lattice.dae","useInstanceRenderData":true}
{"class":"TSStatic","__parent":"SecretGarage","position":[-1329.96082,-802.309204,97.325798],"isRenderEnabled":false,"rotationMatrix":[0.688063323,0.725650609,0,-0.725650609,0.688063323,0,0,0,0.999999881],"scale":[1,1,0.5],"shapeName":"/levels/west_coast_usa/art/shapes/garage/s_support_secondary_beam_10m.dae","useInstanceRenderData":true}
{"class":"TSStatic","__parent":"SecretGarage","position":[-1330.71411,-806.541992,94.1898499],"isRenderEnabled":false,"shapeName":"/art/shapes/garage_and_dealership/Clutter/clutter_workshop_short_bottle.dae","useInstanceRenderData":true}
{"class":"TSStatic","__parent":"SecretGarage","position":[-1321.82385,-809.958313,93.0680466],"isRenderEnabled":false,"shapeName":"/art/shapes/garage_and_dealership/Clutter/clutter_workshop_black_oil.dae","useInstanceRenderData":true}
{"class":"TSStatic","__parent":"SecretGarage","position":[-1343.35034,-804.237183,93.0680466],"isRenderEnabled":false,"rotationMatrix":[0.688063323,0.725650609,0,-0.725650609,0.688063323,0,0,0,0.999999881],"scale":[0.5,0.5,0.479999989],"shapeName":"/levels/west_coast_usa/art/shapes/garage/s_support_wall_lattice_door.dae","useInstanceRenderData":true}
{"class":"TSStatic","__parent":"SecretGarage","position":[-1329.21118,-805.00708,94.7609711],"isRenderEnabled":false,"shapeName":"/art/shapes/garage_and_dealership/Clutter/clutter_workshop_short_bottle.dae","useInstanceRenderData":true}
{"class":"TSStatic","__parent":"SecretGarage","position":[-1325.10767,-805.192261,93.0680466],"isRenderEnabled":false,"rotationMatrix":[0.725650549,-0.688063323,0,0.688063323,0.725650549,0,0,0,0.999999881],"scale":[0.435000002,0.75,0.479999989],"shapeName":"/levels/west_coast_usa/art/shapes/garage/s_support_wall_lattice.dae","useInstanceRenderData":true}
{"class":"TSStatic","__parent":"SecretGarage","position":[-1320.95056,-809.903564,93.0680466],"isRenderEnabled":false,"shapeName":"/art/shapes/garage_and_dealership/Clutter/clutter_workshop_short_bottle.dae","useInstanceRenderData":true}
{"class":"TSStatic","__parent":"SecretGarage","position":[-1347.87952,-809.80365,93.0680466],"isRenderEnabled":false,"rotationMatrix":[0.981694937,0.190460071,0,-0.190460071,0.981694937,0,0,0,1],"shapeName":"/levels/west_coast_usa/art/shapes/objects/garbage_cardboard_box_a.dae","useInstanceRenderData":true}
{"class":"TSStatic","__parent":"SecretGarage","position":[-1333.18799,-812.998962,97.325798],"isRenderEnabled":false,"rotationMatrix":[0.688063323,0.725650609,0,-0.725650609,0.688063323,0,0,0,0.999999881],"scale":[1,1,0.5],"shapeName":"/levels/west_coast_usa/art/shapes/garage/s_support_secondary_beam_10m.dae","useInstanceRenderData":true}
{"class":"TSStatic","__parent":"SecretGarage","position":[-1329.63367,-805.477722,94.7726669],"isRenderEnabled":false,"shapeName":"/art/shapes/garage_and_dealership/Clutter/clutter_workshop_toolbox.dae","useInstanceRenderData":true}
{"class":"TSStatic","__parent":"SecretGarage","position":[-1351.41541,-812.776184,93.0680008],"isRenderEnabled":false,"rotationMatrix":[0.688063323,0.725650609,0,-0.725650609,0.688063323,0,0,0,0.999999881],"scale":[0.444999993,0.75,0.479999989],"shapeName":"/levels/west_coast_usa/art/shapes/garage/s_support_wall_lattice.dae","useInstanceRenderData":true}
{"class":"DecalRoad","persistentId":"7373ea97-63c1-4178-8146-129180cb6850","__parent":"SecretGarage","position":[-1323.89563,-807.467712,93.1080093],"improvedSpline":true,"material":"m_asphalt_damaged_02","nodes":[[-1323.89563,-807.467712,93.1080093,4],[-1330.46606,-813.791565,93.0680466,4],[-1329.5144,-818.845276,93.0680466,4]],"overObjects":true}
{"class":"TSStatic","__parent":"SecretGarage","position":[-1329.9176,-806.006104,94.76828],"isRenderEnabled":false,"shapeName":"/art/shapes/garage_and_dealership/Clutter/clutter_workshop_white_bottle.dae","useInstanceRenderData":true}
{"class":"TSStatic","__parent":"SecretGarage","position":[-1315.62012,-814.188538,93.0680466],"isRenderEnabled":false,"rotationMatrix":[0.725650549,-0.688063323,0,0.688063323,0.725650549,0,0,0,0.999999881],"scale":[0.435000002,0.75,0.479999989],"shapeName":"/levels/west_coast_usa/art/shapes/garage/s_support_wall_lattice.dae","useInstanceRenderData":true}
{"class":"TSStatic","__parent":"SecretGarage","position":[-1353.23291,-811.565735,90.0990524],"isRenderEnabled":false,"shapeName":"/levels/west_coast_usa/art/shapes/objects/trafficlightbox_green.dae","useInstanceRenderData":true}
{"class":"DecalRoad","persistentId":"291cc036-590a-4565-9fbc-a4063f1e3c62","__parent":"SecretGarage","position":[-1323.89563,-807.467712,93.1080093],"improvedSpline":true,"material":"m_asphalt_damaged_02","nodes":[[-1323.89563,-807.467712,93.1080093,4],[-1331.91431,-811.37439,93.0680466,4],[-1335.82239,-811.729919,93.0680466,4]],"overObjects":true}
{"class":"TSStatic","__parent":"SecretGarage","position":[-1336.39868,-823.6474,97.325798],"isRenderEnabled":false,"rotationMatrix":[0.688063323,0.725650609,0,-0.725650609,0.688063323,0,0,0,0.999999881],"scale":[1,1,0.5],"shapeName":"/levels/west_coast_usa/art/shapes/garage/s_support_secondary_beam_10m.dae","useInstanceRenderData":true}
{"class":"TSStatic","__parent":"SecretGarage","position":[-1327.66162,-804.244568,93.0854416],"isRenderEnabled":false,"shapeName":"/art/shapes/garage_and_dealership/Clutter/clutter_workshop_white_bucket.dae","useInstanceRenderData":true}
{"class":"TSStatic","__parent":"SecretGarage","position":[-1335.26245,-795.740601,93.0680008],"isRenderEnabled":false,"rotationMatrix":[0.688063323,0.725650609,0,-0.725650609,0.688063323,0,0,0,0.999999881],"scale":[0.444999993,0.75,0.479999989],"shapeName":"/levels/west_coast_usa/art/shapes/garage/s_support_wall_lattice.dae","useInstanceRenderData":true}
{"class":"TSStatic","__parent":"SecretGarage","position":[-1347.10205,-815.806213,93.0680466],"isRenderEnabled":false,"rotationMatrix":[0.807263315,0.590191424,0,-0.590191424,0.807263315,0,0,0,1],"shapeName":"/art/shapes/garage_and_dealership/Clutter/cbbox_small_dirt.DAE","useInstanceRenderData":true}
{"class":"DecalRoad","persistentId":"cef44794-85a1-4256-b082-3fed32a0bb1c","__parent":"SecretGarage","position":[-1340.90845,-821.910583,93.1080093],"improvedSpline":true,"material":"m_asphalt_damaged_02","nodes":[[-1340.90845,-821.910583,93.1080093,4],[-1335.09119,-818.046448,93.0680466,4],[-1329.8938,-818.049011,93.0680466,4]],"overObjects":true}
{"class":"TSStatic","__parent":"SecretGarage","position":[-1312.26099,-817.408875,93.0680466],"isRenderEnabled":false,"rotationMatrix":[0.725650549,-0.688063323,0,0.688063323,0.725650549,0,0,0,0.999999881],"scale":[0.5,0.75,0.479999989],"shapeName":"/levels/west_coast_usa/art/shapes/garage/s_support_wall_lattice.dae","useInstanceRenderData":true}
{"class":"TSStatic","__parent":"SecretGarage","position":[-1347.09778,-813.302551,93.0680466],"isRenderEnabled":false,"rotationMatrix":[0.932117462,-0.362156123,0,0.362156123,0.932117462,0,0,0,1],"shapeName":"/art/shapes/garage_and_dealership/Clutter/cbbox_new_b.DAE","useInstanceRenderData":true}
{"class":"TSStatic","__parent":"SecretGarage","position":[-1328.55493,-834.592896,93.0680466],"isRenderEnabled":false,"rotationMatrix":[-0.725650609,0.688063323,0,-0.688063323,-0.725650609,0,0,0,0.999999881],"scale":[0.5,0.75,0.479999989],"shapeName":"/levels/west_coast_usa/art/shapes/garage/s_support_wall_lattice.dae","useInstanceRenderData":true}
{"class":"DecalRoad","persistentId":"1a7465d6-aa2e-4e9b-9a99-dbbce8424f46","__parent":"SecretGarage","position":[-1330.57751,-829.758667,93.1080093],"improvedSpline":true,"material":"m_asphalt_damaged_01","nodes":[[-1330.57751,-829.758667,93.1080093,4],[-1326.24463,-824.075012,93.0680466,4],[-1329.8938,-818.049011,93.0680466,4]],"overObjects":true}
{"class":"DecalRoad","persistentId":"bbfa5dc6-b7c0-4cd0-9ea5-922380cde39d","__parent":"SecretGarage","position":[-1320.60742,-812.156494,93.1080093],"improvedSpline":true,"material":"m_asphalt_damaged_01","nodes":[[-1320.60742,-812.156494,93.1080093,4],[-1326.1189,-815.685242,93.0680466,4],[-1328.94983,-817.575623,93.0680466,4]],"overObjects":true}
{"class":"TSStatic","__parent":"SecretGarage","position":[-1322.29688,-823.325928,97.325798],"isRenderEnabled":false,"rotationMatrix":[0.688063323,0.725650609,0,-0.725650609,0.688063323,0,0,0,0.999999881],"scale":[1,1,0.5],"shapeName":"/levels/west_coast_usa/art/shapes/garage/s_support_secondary_beam_10m.dae","useInstanceRenderData":true}
{"class":"TSStatic","__parent":"SecretGarage","position":[-1322.69666,-809.196838,97.325798],"isRenderEnabled":false,"rotationMatrix":[0.688063323,0.725650609,0,-0.725650609,0.688063323,0,0,0,0.999999881],"scale":[1,1,0.5],"shapeName":"/levels/west_coast_usa/art/shapes/garage/s_support_secondary_beam_10m.dae","useInstanceRenderData":true}
{"class":"TSStatic","__parent":"SecretGarage","position":[-1349.73975,-812.46228,94.3186722],"isRenderEnabled":false,"rotationMatrix":[-0.693486452,-0.720469832,0,0.720469832,-0.693486452,0,0,0,1],"shapeName":"/art/shapes/garage_and_dealership/Clutter/si_crate.DAE","useInstanceRenderData":true}
{"class":"TSStatic","__parent":"SecretGarage","position":[-1321.90002,-808.233826,93.0680466],"isRenderEnabled":false,"rotationMatrix":[0.725650549,-0.688063323,0,0.688063323,0.725650549,0,0,0,0.999999881],"scale":[0.435000002,0.75,0.479999989],"shapeName":"/levels/west_coast_usa/art/shapes/garage/s_support_wall_lattice.dae","useInstanceRenderData":true}
{"class":"TSStatic","__parent":"SecretGarage","position":[-1319.06738,-812.638184,97.325798],"isRenderEnabled":false,"rotationMatrix":[0.688063323,0.725650609,0,-0.725650609,0.688063323,0,0,0,0.999999881],"scale":[1,1,0.5],"shapeName":"/levels/west_coast_usa/art/shapes/garage/s_support_secondary_beam_10m.dae","useInstanceRenderData":true}
{"class":"TSStatic","__parent":"SecretGarage","position":[-1332.76941,-827.088745,97.325798],"isRenderEnabled":false,"rotationMatrix":[0.688063323,0.725650609,0,-0.725650609,0.688063323,0,0,0,0.999999881],"scale":[1,1,0.5],"shapeName":"/levels/west_coast_usa/art/shapes/garage/s_support_secondary_beam_10m.dae","useInstanceRenderData":true}
{"class":"TSStatic","__parent":"SecretGarage","position":[-1329.56189,-816.437195,97.325798],"isRenderEnabled":false,"rotationMatrix":[0.688063323,0.725650609,0,-0.725650609,0.688063323,0,0,0,0.999999881],"scale":[1,1,0.5],"shapeName":"/levels/west_coast_usa/art/shapes/garage/s_support_secondary_beam_10m.dae","useInstanceRenderData":true}
{"class":"TSStatic","__parent":"SecretGarage","position":[-1326.32275,-805.758606,97.325798],"isRenderEnabled":false,"rotationMatrix":[0.688063323,0.725650609,0,-0.725650609,0.688063323,0,0,0,0.999999881],"scale":[1,1,0.5],"shapeName":"/levels/west_coast_usa/art/shapes/garage/s_support_secondary_beam_10m.dae","useInstanceRenderData":true}
{"class":"TSStatic","__parent":"SecretGarage","position":[-1328.01416,-803.247864,93.6184082],"isRenderEnabled":false,"shapeName":"/art/shapes/garage_and_dealership/Clutter/clutter_workshop_black_oil.dae","useInstanceRenderData":true}
{"class":"TSStatic","__parent":"SecretGarage","position":[-1351.29089,-813.020874,93.0680466],"isRenderEnabled":false,"rotationMatrix":[-0.725650609,0.688063323,0,-0.688063323,-0.725650609,0,0,0,0.999999881],"scale":[0.5,0.75,0.479999989],"shapeName":"/levels/west_coast_usa/art/shapes/garage/s_support_wall_lattice.dae","useInstanceRenderData":true}
{"class":"TSStatic","__parent":"SecretGarage","position":[-1340.02478,-820.209167,97.325798],"isRenderEnabled":false,"rotationMatrix":[0.688063323,0.725650609,0,-0.725650609,0.688063323,0,0,0,0.999999881],"scale":[1,1,0.5],"shapeName":"/levels/west_coast_usa/art/shapes/garage/s_support_secondary_beam_10m.dae","useInstanceRenderData":true}
{"class":"TSStatic","__parent":"SecretGarage","position":[-1336.82605,-809.549561,97.325798],"isRenderEnabled":false,"rotationMatrix":[0.688063323,0.725650609,0,-0.725650609,0.688063323,0,0,0,0.999999881],"scale":[1,1,0.5],"shapeName":"/levels/west_coast_usa/art/shapes/garage/s_support_secondary_beam_10m.dae","useInstanceRenderData":true}
{"class":"TSStatic","__parent":"SecretGarage","position":[-1333.58691,-798.871094,97.325798],"isRenderEnabled":false,"rotationMatrix":[0.688063323,0.725650609,0,-0.725650609,0.688063323,0,0,0,0.999999881],"scale":[1,1,0.5],"shapeName":"/levels/west_coast_usa/art/shapes/garage/s_support_secondary_beam_10m.dae","useInstanceRenderData":true}
{"class":"TSStatic","__parent":"SecretGarage","position":[-1328.38574,-803.754272,93.6233139],"isRenderEnabled":false,"rotationMatrix":[-0.702760816,0.7114259,0,-0.7114259,-0.702760816,0,0,0,1],"shapeName":"/art/shapes/garage_and_dealership/Clutter/clutter_workshop_green_can.dae","useInstanceRenderData":true}
{"class":"TSStatic","__parent":"SecretGarage","position":[-1327.84436,-803.545898,93.0809784],"isRenderEnabled":false,"shapeName":"/art/shapes/garage_and_dealership/Clutter/small_pile_c.DAE","useInstanceRenderData":true}
{"class":"TSStatic","__parent":"SecretGarage","position":[-1349.14636,-813.083862,93.0680466],"isRenderEnabled":false,"rotationMatrix":[0.692484617,0.721432567,0,-0.721432567,0.692484617,0,0,0,1],"shapeName":"/art/shapes/objects/s_wood_crate_closed.dae","useInstanceRenderData":true}
{"class":"TSStatic","__parent":"SecretGarage","position":[-1340.45215,-806.11145,97.325798],"isRenderEnabled":false,"rotationMatrix":[0.688063323,0.725650609,0,-0.725650609,0.688063323,0,0,0,0.999999881],"scale":[1,1,0.5],"shapeName":"/levels/west_coast_usa/art/shapes/garage/s_support_secondary_beam_10m.dae","useInstanceRenderData":true}
{"class":"DecalRoad","persistentId":"18f6a0e7-cf29-492a-a252-911390406758","__parent":"SecretGarage","position":[-1316.80469,-814.221497,93.1080093],"improvedSpline":true,"material":"m_asphalt_damaged_01","nodes":[[-1316.80469,-814.221497,93.1080093,4],[-1322.58301,-820.350891,93.0680466,4],[-1327.46875,-818.692871,93.0680466,4]],"overObjects":true}
{"class":"TSStatic","__parent":"SecretGarage","position":[-1331.91406,-831.372559,93.0680466],"isRenderEnabled":false,"rotationMatrix":[-0.725650609,0.688063323,0,-0.688063323,-0.725650609,0,0,0,0.999999881],"scale":[0.435000002,0.75,0.479999989],"shapeName":"/levels/west_coast_usa/art/shapes/garage/s_support_wall_lattice.dae","useInstanceRenderData":true}
{"class":"DecalRoad","persistentId":"8f779c70-0b86-47d1-96d5-225e78ff35f9","__parent":"SecretGarage","position":[-1335.7312,-826.057556,93.1080093],"improvedSpline":true,"material":"m_asphalt_damaged_01","nodes":[[-1335.7312,-826.057556,93.1080093,4],[-1330.33386,-820.737305,93.0680466,4],[-1329.8938,-818.049011,93.0680466,4]],"overObjects":true}
{"class":"DecalRoad","persistentId":"0befc6f1-6bfc-42b9-9e8b-2b011ce88056","__parent":"SecretGarage","position":[-1340.90845,-821.910583,93.1080093],"improvedSpline":true,"material":"m_asphalt_damaged_02","nodes":[[-1340.90845,-821.910583,93.1080093,4],[-1337.11462,-817.212341,93.0680466,4],[-1338.26477,-811.228455,93.0680466,4],[-1342.53699,-805.981384,93.0680389,4]],"overObjects":true}
{"class":"DecalRoad","persistentId":"f1b41a4d-c4d7-4fa7-8f05-8f5e34df4d2e","__parent":"SecretGarage","position":[-1343.40576,-804.507568,93.0680466],"improvedSpline":true,"material":"m_asphalt_damaged_01","nodes":[[-1343.40576,-804.507568,93.0680466,4],[-1338.02856,-809.689941,93.0680466,4],[-1334.7876,-812.451904,93.0680466,4],[-1331.16748,-816.104553,93.0680466,4],[-1329.078,-818.903809,93.0680466,4],[-1325.70654,-820.661194,93.0680466,4],[-1323.28198,-824.116394,93.0680466,4]],"overObjects":true}
{"class":"TSStatic","__parent":"SecretGarage","position":[-1325.93262,-819.87854,97.325798],"isRenderEnabled":false,"rotationMatrix":[0.688063323,0.725650609,0,-0.725650609,0.688063323,0,0,0,0.999999881],"scale":[1,1,0.5],"shapeName":"/levels/west_coast_usa/art/shapes/garage/s_support_secondary_beam_10m.dae","useInstanceRenderData":true}
{"class":"TSStatic","__parent":"SecretGarage","position":[-1329.16882,-804.971863,93.6212616],"isRenderEnabled":false,"rotationMatrix":[0.826513469,-0.562916934,0,0.562916934,0.826513469,0,0,0,1],"shapeName":"/art/shapes/garage_and_dealership/Clutter/cbbox_new_b.DAE","useInstanceRenderData":true}
{"class":"TSStatic","__parent":"SecretGarage","position":[-1328.01416,-803.532288,93.6184082],"isRenderEnabled":false,"shapeName":"/art/shapes/garage_and_dealership/Clutter/clutter_workshop_black_oil.dae","useInstanceRenderData":true}
{"class":"TSStatic","__parent":"SecretGarage","position":[-1335.06213,-828.387512,93.0680466],"isRenderEnabled":false,"rotationMatrix":[-0.725650609,0.688063323,0,-0.688063323,-0.725650609,0,0,0,0.999999881],"scale":[0.435000002,0.75,0.479999989],"shapeName":"/levels/west_coast_usa/art/shapes/garage/s_support_wall_lattice.dae","useInstanceRenderData":true}
{"class":"TSStatic","__parent":"SecretGarage","position":[-1326.7085,-804.290039,93.0680466],"isRenderEnabled":false,"rotationMatrix":[0.739754796,-0.672876477,0,0.672876477,0.739754796,0,0,0,1],"shapeName":"/art/shapes/garage_and_dealership/Clutter/clutter_workshop_hand_truck.dae","useInstanceRenderData":true}
{"class":"TSStatic","__parent":"SecretGarage","position":[-1330.448,-805.42572,93.0569305],"isRenderEnabled":false,"rotationMatrix":[-0.688063443,-0.725650549,0,0.725650549,-0.688063443,0,0,0,0.999999881],"scale":[0.850000024,1,0.949999988],"shapeName":"/levels/west_coast_usa/art/shapes/buildings/storagerack.dae","useInstanceRenderData":true}
{"class":"TSStatic","__parent":"SecretGarage","position":[-1344.62231,-819.322388,93.0680466],"isRenderEnabled":false,"rotationMatrix":[-0.725650609,0.688063323,0,-0.688063323,-0.725650609,0,0,0,0.999999881],"scale":[0.435000002,0.75,0.479999989],"shapeName":"/levels/west_coast_usa/art/shapes/garage/s_support_wall_lattice.dae","useInstanceRenderData":true}
{"class":"TSStatic","__parent":"SecretGarage","position":[-1324.93469,-831.178162,93.0680466],"isRenderEnabled":false,"rotationMatrix":[-0.688063443,-0.72565037,0,0.72565037,-0.688063443,0,0,0,0.999999881],"scale":[0.5,0.75,0.479999989],"shapeName":"/levels/west_coast_usa/art/shapes/garage/s_support_wall_lattice.dae","useInstanceRenderData":true}
{"class":"TSStatic","__parent":"SecretGarage","position":[-1323.0625,-817.522461,93.0680466],"isRenderEnabled":false,"rotationMatrix":[0.962370098,-0.271742105,0,0.271742105,0.962370098,0,0,0,1],"shapeName":"/art/shapes/garage_and_dealership/Clutter/clutter_workshop_black_oil.dae","useInstanceRenderData":true}
{"class":"TSStatic","__parent":"SecretGarage","position":[-1327.74524,-803.538696,93.6184082],"isRenderEnabled":false,"shapeName":"/art/shapes/garage_and_dealership/Clutter/clutter_workshop_black_oil.dae","useInstanceRenderData":true}
{"class":"TSStatic","__parent":"SecretGarage","position":[-1348.89197,-811.534912,93.0765991],"isRenderEnabled":false,"rotationMatrix":[0.692338943,-0.721572399,0,0.721572399,0.692338943,0,0,0,1],"shapeName":"/art/shapes/garage_and_dealership/Clutter/si_crate.DAE","useInstanceRenderData":true}
{"class":"TSStatic","__parent":"SecretGarage","position":[-1349.09363,-813.084167,94.3186722],"isRenderEnabled":false,"rotationMatrix":[-0.693486452,-0.720469832,0,0.720469832,-0.693486452,0,0,0,1],"shapeName":"/art/shapes/garage_and_dealership/Clutter/si_crate.DAE","useInstanceRenderData":true}
{"class":"TSStatic","__parent":"SecretGarage","position":[-1329.13367,-830.536133,97.325798],"isRenderEnabled":false,"rotationMatrix":[0.688063323,0.725650609,0,-0.725650609,0.688063323,0,0,0,0.999999881],"scale":[1,1,0.5],"shapeName":"/levels/west_coast_usa/art/shapes/garage/s_support_secondary_beam_10m.dae","useInstanceRenderData":true}
{"class":"TSStatic","__parent":"SecretGarage","position":[-1330.13013,-805.89624,93.6220551],"isRenderEnabled":false,"shapeName":"/art/shapes/garage_and_dealership/Clutter/cbbox_small_dirt.DAE","useInstanceRenderData":true}
{"class":"TSStatic","__parent":"SecretGarage","position":[-1312.06958,-817.610596,93.0680466],"isRenderEnabled":false,"rotationMatrix":[-0.688063443,-0.72565037,0,0.72565037,-0.688063443,0,0,0,0.999999881],"scale":[0.5,0.75,0.479999989],"shapeName":"/levels/west_coast_usa/art/shapes/garage/s_support_wall_lattice.dae","useInstanceRenderData":true}
{"class":"TSStatic","__parent":"SecretGarage","position":[-1338.34302,-798.989502,93.0680008],"isRenderEnabled":false,"rotationMatrix":[0.688063323,0.725650609,0,-0.725650609,0.688063323,0,0,0,0.999999881],"scale":[0.444999993,0.75,0.479999989],"shapeName":"/levels/west_coast_usa/art/shapes/garage/s_support_wall_lattice.dae","useInstanceRenderData":true}
{"class":"TSStatic","__parent":"SecretGarage","position":[-1347.73291,-811.316101,93.0680389],"isRenderEnabled":false,"rotationMatrix":[-0.0547618866,0.998499334,0,-0.998499334,-0.0547618866,0,0,0,1],"shapeName":"/levels/west_coast_usa/art/shapes/objects/garbage_cardboard_box_b.dae","useInstanceRenderData":true}
{"class":"TSStatic","__parent":"SecretGarage","position":[-1328.32837,-802.138367,93.0680466],"isRenderEnabled":false,"rotationMatrix":[0.725650549,-0.688063323,0,0.688063323,0.725650549,0,0,0,0.999999881],"scale":[0.435000002,0.75,0.479999989],"shapeName":"/levels/west_coast_usa/art/shapes/garage/s_support_wall_lattice.dae","useInstanceRenderData":true}
{"class":"TSStatic","__parent":"SecretGarage","position":[-1348.31189,-810.607483,93.0610199],"isRenderEnabled":false,"rotationMatrix":[-0.693486452,-0.720469832,0,0.720469832,-0.693486452,0,0,0,1],"shapeName":"/art/shapes/garage_and_dealership/Clutter/si_crate.DAE","useInstanceRenderData":true}
{"class":"TSStatic","__parent":"SecretGarage","position":[-1318.76819,-811.203491,93.0680466],"isRenderEnabled":false,"rotationMatrix":[0.725650549,-0.688063323,0,0.688063323,0.725650549,0,0,0,0.999999881],"scale":[0.435000002,0.75,0.479999989],"shapeName":"/levels/west_coast_usa/art/shapes/garage/s_support_wall_lattice.dae","useInstanceRenderData":true}
{"class":"TSStatic","__parent":"SecretGarage","position":[-1327.28943,-803.906616,93.1075363],"isRenderEnabled":false,"rotationMatrix":[1,0,0,0,0.968463004,-0.249157339,0,0.249157339,0.968463004],"shapeName":"/art/shapes/garage_and_dealership/Clutter/clutter_workshop_broom.dae","useInstanceRenderData":true}
{"class":"TSStatic","__parent":"SecretGarage","position":[-1341.40161,-822.376282,93.0680466],"isRenderEnabled":false,"rotationMatrix":[-0.725650609,0.688063323,0,-0.688063323,-0.725650609,0,0,0,0.999999881],"scale":[0.435000002,0.75,0.479999989],"shapeName":"/levels/west_coast_usa/art/shapes/garage/s_support_wall_lattice.dae","useInstanceRenderData":true}
{"class":"TSStatic","__parent":"SecretGarage","position":[-1338.19397,-825.417847,93.0680466],"isRenderEnabled":false,"rotationMatrix":[-0.725650609,0.688063323,0,-0.688063323,-0.725650609,0,0,0,0.999999881],"scale":[0.435000002,0.75,0.479999989],"shapeName":"/levels/west_coast_usa/art/shapes/garage/s_support_wall_lattice.dae","useInstanceRenderData":true}
{"class":"TSStatic","__parent":"SecretGarage","position":[-1348.33484,-809.527283,93.0680008],"isRenderEnabled":false,"rotationMatrix":[0.688063323,0.725650609,0,-0.725650609,0.688063323,0,0,0,0.999999881],"scale":[0.444999993,0.75,0.479999989],"shapeName":"/levels/west_coast_usa/art/shapes/garage/s_support_wall_lattice.dae","useInstanceRenderData":true}
{"class":"TSStatic","__parent":"SecretGarage","position":[-1349.70044,-812.657227,95.0183105],"isRenderEnabled":false,"shapeName":"/art/shapes/garage_and_dealership/Clutter/cbbox_large_dirt.DAE","useInstanceRenderData":true}
{"class":"TSStatic","__parent":"SecretGarage","position":[-1348.47205,-813.718384,94.3302383],"isRenderEnabled":false,"shapeName":"/art/shapes/garage_and_dealership/Clutter/cbbox_medium_dirt.DAE","useInstanceRenderData":true}
{"class":"TSStatic","__parent":"SecretGarage","position":[-1328.08728,-803.722717,95.3332748],"isRenderEnabled":false,"shapeName":"/art/shapes/garage_and_dealership/Clutter/cbbox_new_b.DAE","useInstanceRenderData":true}
{"class":"TSStatic","__parent":"SecretGarage","position":[-1347.98108,-812.484192,93.0765991],"isRenderEnabled":false,"rotationMatrix":[0.692338943,-0.721572399,0,0.721572399,0.692338943,0,0,0,1],"shapeName":"/art/shapes/garage_and_dealership/Clutter/si_crate.DAE","useInstanceRenderData":true}
{"class":"TSStatic","__parent":"SecretGarage","position":[-1348.52954,-812.022888,93.7675018],"isRenderEnabled":false,"rotationMatrix":[-0.547166467,0.837023973,0,-0.837023973,-0.547166467,0,0,0,1],"shapeName":"/art/shapes/garage_and_dealership/Clutter/cbbox_small_dirt.DAE","useInstanceRenderData":true}
{"class":"TSStatic","__parent":"SecretGarage","position":[-1327.81189,-803.345703,93.6184082],"isRenderEnabled":false,"shapeName":"/art/shapes/garage_and_dealership/Clutter/clutter_workshop_black_oil.dae","useInstanceRenderData":true}
{"class":"TSStatic","__parent":"SecretGarage","position":[-1328.01416,-803.395447,93.6184082],"isRenderEnabled":false,"shapeName":"/art/shapes/garage_and_dealership/Clutter/clutter_workshop_black_oil.dae","useInstanceRenderData":true}
{"name":"Nightfall_Garage","class":"SpawnSphere","__parent":"SecretGarage","position":[-1333.57825,-813.562744,93.0680695],"dataBlock":"SpawnSphereMarker","radius":1,"rotationMatrix":[-0.69415617,-0.719824374,2.62812208e-08,0.719824374,-0.69415617,-2.72530389e-08,3.78606693e-08,-2.66453526e-15,0.999999881],"spawnClass":"Player","sphereWeight0":"1"}
{"class":"TSStatic","__parent":"SecretGarage","position":[-1328.24768,-803.617981,93.6233139],"isRenderEnabled":false,"rotationMatrix":[-0.702760816,0.7114259,0,-0.7114259,-0.702760816,0,0,0,1],"shapeName":"/art/shapes/garage_and_dealership/Clutter/clutter_workshop_green_can.dae","useInstanceRenderData":true}
{"class":"TSStatic","__parent":"SecretGarage","position":[-1347.28894,-813.321655,97.325798],"isRenderEnabled":false,"rotationMatrix":[0.688063323,0.725650609,0,-0.725650609,0.688063323,0,0,0,0.999999881],"scale":[1,1,0.5],"shapeName":"/levels/west_coast_usa/art/shapes/garage/s_support_secondary_beam_10m.dae","useInstanceRenderData":true}
{"class":"TSStatic","__parent":"SecretGarage","position":[-1331.22009,-807.144714,93.6357422],"isRenderEnabled":false,"shapeName":"/art/shapes/garage_and_dealership/Clutter/clutter_workshop_fire_extinguisher.dae","useInstanceRenderData":true}
{"class":"TSStatic","__parent":"SecretGarage","position":[-1348.87292,-811.39386,93.7762375],"isRenderEnabled":false,"rotationMatrix":[0.946080267,0.32393232,0,-0.32393232,0.946080267,0,0,0,1],"shapeName":"/art/shapes/garage_and_dealership/Clutter/cbbox_new_a.DAE","useInstanceRenderData":true}
{"class":"TSStatic","__parent":"SecretGarage","position":[-1328.44104,-804.023621,93.0350494],"isRenderEnabled":false,"shapeName":"/art/shapes/garage_and_dealership/Clutter/debris_m_can_a.DAE","useInstanceRenderData":true}
{"class":"TSStatic","__parent":"SecretGarage","position":[-1347.57617,-814.838318,93.0680466],"isRenderEnabled":false,"rotationMatrix":[0.926131785,0.377200037,0,-0.377200037,0.926131785,0,0,0,1],"shapeName":"/art/shapes/garage_and_dealership/Clutter/ind_clutter_mix.DAE","useInstanceRenderData":true}
{"class":"TSStatic","__parent":"SecretGarage","position":[-1328.14294,-803.94696,94.1879349],"isRenderEnabled":false,"shapeName":"/art/shapes/garage_and_dealership/Clutter/cbbox_small_dirt.DAE","useInstanceRenderData":true}
{"class":"TSStatic","__parent":"SecretGarage","position":[-1343.53735,-811.704651,96.766304],"isRenderEnabled":false,"rotationMatrix":[0.725650549,-0.688063323,0,0.688063323,0.725650549,0,0,0,0.999999881],"scale":[1,1,0.5],"shapeName":"/levels/west_coast_usa/art/shapes/garage/s_support_main_beam_10m.dae","useInstanceRenderData":true}
{"class":"TSStatic","__parent":"SecretGarage","position":[-1336.29785,-818.569092,96.766304],"isRenderEnabled":false,"rotationMatrix":[0.725650549,-0.688063323,0,0.688063323,0.725650549,0,0,0,0.999999881],"scale":[1,1,0.5],"shapeName":"/levels/west_coast_usa/art/shapes/garage/s_support_main_beam_10m.dae","useInstanceRenderData":true}
{"class":"TSStatic","__parent":"SecretGarage","position":[-1322.48328,-816.314453,96.7631226],"isRenderEnabled":false,"rotationMatrix":[0.725650549,-0.688063323,0,0.688063323,0.725650549,0,0,0,0.999999881],"scale":[1,1,0.5],"shapeName":"/levels/west_coast_usa/art/shapes/garage/s_support_main_beam_support_lattice.dae","useInstanceRenderData":true}
{"class":"TSStatic","__parent":"SecretGarage","position":[-1328.63367,-810.485962,96.766304],"isRenderEnabled":false,"rotationMatrix":[0.725650549,-0.688063323,0,0.688063323,0.725650549,0,0,0,0.999999881],"scale":[1,1,0.5],"shapeName":"/levels/west_coast_usa/art/shapes/garage/s_support_main_beam_10m.dae","useInstanceRenderData":true}
{"class":"TSStatic","__parent":"SecretGarage","position":[-1329.7196,-809.452881,96.7631226],"isRenderEnabled":false,"rotationMatrix":[0.725650549,-0.688063323,0,0.688063323,0.725650549,0,0,0,0.999999881],"scale":[1,1,0.5],"shapeName":"/levels/west_coast_usa/art/shapes/garage/s_support_main_beam_support_lattice.dae","useInstanceRenderData":true}
{"class":"TSStatic","__parent":"SecretGarage","position":[-1335.87317,-803.621521,96.766304],"isRenderEnabled":false,"rotationMatrix":[0.725650549,-0.688063323,0,0.688063323,0.725650549,0,0,0,0.999999881],"scale":[1,1,0.5],"shapeName":"/levels/west_coast_usa/art/shapes/garage/s_support_main_beam_10m.dae","useInstanceRenderData":true}
{"class":"TSStatic","__parent":"SecretGarage","position":[-1320.47046,-818.226196,96.766304],"isRenderEnabled":false,"rotationMatrix":[0.725650549,-0.688063323,0,0.688063323,0.725650549,0,0,0,0.999999881],"scale":[1.25,1,0.5],"shapeName":"/levels/west_coast_usa/art/shapes/garage/s_support_main_beam_10m.dae","useInstanceRenderData":true}
{"class":"TSStatic","__parent":"SecretGarage","position":[-1322.88208,-831.286133,96.7631226],"isRenderEnabled":false,"rotationMatrix":[0.725650549,-0.688063323,0,0.688063323,0.725650549,0,0,0,0.999999881],"scale":[1,1,0.5],"shapeName":"/levels/west_coast_usa/art/shapes/garage/s_support_main_beam_support_lattice.dae","useInstanceRenderData":true}
{"class":"TSStatic","__parent":"SecretGarage","position":[-1336.98022,-802.568359,96.7631226],"isRenderEnabled":false,"rotationMatrix":[0.725650549,-0.688063323,0,0.688063323,0.725650549,0,0,0,0.999999881],"scale":[1,1,0.5],"shapeName":"/levels/west_coast_usa/art/shapes/garage/s_support_main_beam_support_lattice.dae","useInstanceRenderData":true}
{"class":"TSStatic","__parent":"SecretGarage","position":[-1330.14734,-824.397278,96.7631226],"isRenderEnabled":false,"rotationMatrix":[0.725650549,-0.688063323,0,0.688063323,0.725650549,0,0,0,0.999999881],"scale":[1,1,0.5],"shapeName":"/levels/west_coast_usa/art/shapes/garage/s_support_main_beam_support_lattice.dae","useInstanceRenderData":true}
{"class":"TSStatic","__parent":"SecretGarage","position":[-1315.21802,-823.203308,96.7631226],"isRenderEnabled":false,"rotationMatrix":[0.725650549,-0.688063323,0,0.688063323,0.725650549,0,0,0,0.999999881],"scale":[1,1,0.5],"shapeName":"/levels/west_coast_usa/art/shapes/garage/s_support_main_beam_support_lattice.dae","useInstanceRenderData":true}
