{"name":"Floodlight_1_6","class":"SpotLight","__parent":"LightGroup_6","position":[759.442505,21.4021568,163.18634],"overDarkFactor":[2000,1000,500,1],"range":50,"rotationMatrix":[0.292762399,0.0150331976,-0.956067026,0.900352597,-0.341000736,0.270339906,-0.321955502,-0.939942837,-0.113367371],"shadowDarkenColor":[0,0,0,0]}
{"name":"Floodlight_2_6","class":"SpotLight","__parent":"LightGroup_6","position":[759.391541,21.425724,164.062042],"overDarkFactor":[2000,1000,500,1],"range":50,"rotationMatrix":[0.8685835,-0.0559368357,-0.492375672,0.457257986,-0.292485148,0.839861631,-0.190991759,-0.95463264,-0.228470191],"shadowDarkenColor":[0,0,0,0]}
{"name":"FloodPoint_1_6","class":"PointLight","__parent":"LightGroup_6","position":[759.357788,21.4413528,164.088882],"brightness":15,"overDarkFactor":[2000,1000,500,1],"radius":0.25,"shadowDarkenColor":[0,0,0,0]}
{"name":"FloodPoint_2_6","class":"PointLight","__parent":"LightGroup_6","position":[759.391846,21.3704433,163.149445],"brightness":15,"overDarkFactor":[2000,1000,500,1],"radius":0.25,"shadowDarkenColor":[0,0,0,0]}
{"name":"Floodlight_3_6","class":"SpotLight","__parent":"LightGroup_6","position":[760.591431,21.3534546,163.154251],"overDarkFactor":[2000,1000,500,1],"range":50,"rotationMatrix":[-0.743185163,0.142864779,-0.653655291,0.615445137,-0.237304419,-0.751607358,-0.262493551,-0.960872591,0.0884356871],"shadowDarkenColor":[0,0,0,0]}
{"name":"Floodlight_4_6","class":"SpotLight","__parent":"LightGroup_6","position":[760.612915,21.3521729,164.108124],"overDarkFactor":[2000,1000,500,1],"range":50,"rotationMatrix":[-0.980235517,0.14023082,-0.139547765,0.112559378,-0.184754372,-0.976317644,-0.162691891,-0.972728729,0.165318504],"shadowDarkenColor":[0,0,0,0]}
{"name":"FloodPoint_4_6","class":"PointLight","__parent":"LightGroup_6","position":[760.630249,21.3216381,164.068985],"brightness":15,"overDarkFactor":[2000,1000,500,1],"radius":0.25,"shadowDarkenColor":[0,0,0,0]}
{"name":"FloodPoint_3_6","class":"PointLight","__parent":"LightGroup_6","position":[760.591431,21.3534546,163.154251],"brightness":15,"overDarkFactor":[2000,1000,500,1],"radius":0.25,"shadowDarkenColor":[0,0,0,0]}
