{"name":"Floodlight_1_20","class":"SpotLight","__parent":"LightGroup_20","position":[527.824524,0.0151812434,158.215179],"overDarkFactor":[2000,1000,500,1],"range":50,"rotationMatrix":[0.361074299,0.0727026686,-0.929698646,-0.332903534,-0.921216905,-0.201331735,-0.871091604,0.382195711,-0.308424801],"shadowDarkenColor":[0,0,0,0]}
{"name":"Floodlight_2_20","class":"SpotLight","__parent":"LightGroup_20","position":[527.803162,-0.0367568731,159.090881],"overDarkFactor":[2000,1000,500,1],"range":50,"rotationMatrix":[0.716203868,-0.158485726,-0.67965734,-0.344372451,-0.927307665,-0.146656066,-0.607008636,0.339090973,-0.718719542],"shadowDarkenColor":[0,0,0,0]}
{"name":"FloodPoint_1_20","class":"PointLight","__parent":"LightGroup_20","position":[527.789001,-0.0711796284,159.117722],"brightness":15,"overDarkFactor":[2000,1000,500,1],"radius":0.25,"shadowDarkenColor":[0,0,0,0]}
{"name":"FloodPoint_2_20","class":"PointLight","__parent":"LightGroup_20","position":[527.858398,-0.0340352654,158.178299],"brightness":15,"overDarkFactor":[2000,1000,500,1],"radius":0.25,"shadowDarkenColor":[0,0,0,0]}
{"name":"Floodlight_3_20","class":"SpotLight","__parent":"LightGroup_20","position":[527.823242,1.16514814,158.183105],"overDarkFactor":[2000,1000,500,1],"range":50,"rotationMatrix":[-0.0812885165,0.531272829,-0.843291938,-0.422292292,-0.784753084,-0.453686863,-0.902807474,0.319236159,0.288143814],"shadowDarkenColor":[0,0,0,0]}
{"name":"Floodlight_4_20","class":"SpotLight","__parent":"LightGroup_20","position":[527.823608,1.18667114,159.136978],"overDarkFactor":[2000,1000,500,1],"range":50,"rotationMatrix":[-0.398529947,0.630752325,-0.665826797,-0.607182086,-0.725547671,-0.323898941,-0.687389076,0.275194705,0.672133982],"shadowDarkenColor":[0,0,0,0]}
{"name":"FloodPoint_4_20","class":"PointLight","__parent":"LightGroup_20","position":[527.853333,1.20528054,159.097839],"brightness":15,"overDarkFactor":[2000,1000,500,1],"radius":0.25,"shadowDarkenColor":[0,0,0,0]}
{"name":"FloodPoint_3_20","class":"PointLight","__parent":"LightGroup_20","position":[527.823242,1.16514814,158.183105],"brightness":15,"overDarkFactor":[2000,1000,500,1],"radius":0.25,"shadowDarkenColor":[0,0,0,0]}
