{"name":"Floodlight_1_33","class":"SpotLight","__parent":"LightGroup_33","position":[-17.1556187,96.3170624,133.875839],"overDarkFactor":[2000,1000,500,1],"range":50,"rotationMatrix":[0.361074299,0.0727026686,-0.929698646,-0.332903534,-0.921216905,-0.201331735,-0.871091604,0.382195711,-0.308424801],"shadowDarkenColor":[0,0,0,0]}
{"name":"Floodlight_2_33","class":"SpotLight","__parent":"LightGroup_33","position":[-17.17696,96.2651291,134.751541],"overDarkFactor":[2000,1000,500,1],"range":50,"rotationMatrix":[0.716203868,-0.158485726,-0.67965734,-0.344372451,-0.927307665,-0.146656066,-0.607008636,0.339090973,-0.718719542],"shadowDarkenColor":[0,0,0,0]}
{"name":"FloodPoint_1_33","class":"PointLight","__parent":"LightGroup_33","position":[-17.1911068,96.2307053,134.778381],"brightness":15,"overDarkFactor":[2000,1000,500,1],"radius":0.25,"shadowDarkenColor":[0,0,0,0]}
{"name":"FloodPoint_2_33","class":"PointLight","__parent":"LightGroup_33","position":[-17.1217346,96.2678452,133.838959],"brightness":15,"overDarkFactor":[2000,1000,500,1],"radius":0.25,"shadowDarkenColor":[0,0,0,0]}
{"name":"Floodlight_3_33","class":"SpotLight","__parent":"LightGroup_33","position":[-17.1568851,97.4670334,133.843765],"overDarkFactor":[2000,1000,500,1],"range":50,"rotationMatrix":[-0.0812885165,0.531272829,-0.843291938,-0.422292292,-0.784753084,-0.453686863,-0.902807474,0.319236159,0.288143814],"shadowDarkenColor":[0,0,0,0]}
{"name":"Floodlight_4_33","class":"SpotLight","__parent":"LightGroup_33","position":[-17.1565495,97.4885559,134.797638],"overDarkFactor":[2000,1000,500,1],"range":50,"rotationMatrix":[-0.398529947,0.630752325,-0.665826797,-0.607182086,-0.725547671,-0.323898941,-0.687389076,0.275194705,0.672133982],"shadowDarkenColor":[0,0,0,0]}
{"name":"FloodPoint_4_33","class":"PointLight","__parent":"LightGroup_33","position":[-17.1267948,97.507164,134.758499],"brightness":15,"overDarkFactor":[2000,1000,500,1],"radius":0.25,"shadowDarkenColor":[0,0,0,0]}
{"name":"FloodPoint_3_33","class":"PointLight","__parent":"LightGroup_33","position":[-17.1568851,97.4670334,133.843765],"brightness":15,"overDarkFactor":[2000,1000,500,1],"radius":0.25,"shadowDarkenColor":[0,0,0,0]}
