{"class":"TSStatic","__parent":"CeilingLight3","position":[-1331.80737,-815.182678,97.4590302],"isRenderEnabled":false,"rotationMatrix":[-0.725650609,0.688063323,0,-0.688063323,-0.725650609,0,0,0,0.999999881],"scale":[1,1,0.300000012],"shapeName":"/levels/west_coast_usa/art/shapes/garage/s_ceiling_light_case.dae","useInstanceRenderData":true}
{"class":"TSStatic","__parent":"CeilingLight3","position":[-1331.80762,-815.183167,97.4589996],"isRenderEnabled":false,"rotationMatrix":[-0.725650609,0.688063323,0,-0.688063323,-0.725650609,0,0,0,0.999999881],"shapeName":"/levels/west_coast_usa/art/shapes/garage/s_ceiling_light_light_on.dae","useInstanceRenderData":true}
{"name":"SpotLight_1101","class":"SpotLight","__parent":"CeilingLight3","position":[-1332.49207,-815.898743,98.2517548],"brightness":0.400000006,"innerAngle":120,"outerAngle":170,"rotationMatrix":[-0.782212734,0.62301147,1.1920929e-07,-2.38418579e-07,-1.1920929e-07,-1,-0.62301147,-0.782212734,2.38418579e-07]}
{"name":"SpotLight_110","class":"SpotLight","__parent":"CeilingLight3","position":[-1331.10181,-814.443542,98.2517548],"brightness":0.400000006,"innerAngle":120,"outerAngle":170,"rotationMatrix":[-0.782212734,0.62301147,1.1920929e-07,-2.38418579e-07,-1.1920929e-07,-1,-0.62301147,-0.782212734,2.38418579e-07]}
{"class":"TSStatic","__parent":"CeilingLight3","position":[-1325.83362,-808.882812,97.4590302],"isRenderEnabled":false,"rotationMatrix":[-0.725650609,0.688063323,0,-0.688063323,-0.725650609,0,0,0,0.999999881],"scale":[1,1,0.300000012],"shapeName":"/levels/west_coast_usa/art/shapes/garage/s_ceiling_light_case.dae","useInstanceRenderData":true}
{"class":"TSStatic","__parent":"CeilingLight3","position":[-1325.83386,-808.883301,97.4589996],"isRenderEnabled":false,"rotationMatrix":[-0.725650609,0.688063323,0,-0.688063323,-0.725650609,0,0,0,0.999999881],"shapeName":"/levels/west_coast_usa/art/shapes/garage/s_ceiling_light_light_on.dae","useInstanceRenderData":true}
{"name":"SpotLight_11013","class":"SpotLight","__parent":"CeilingLight3","position":[-1326.51831,-809.598877,98.2517548],"brightness":0.400000006,"innerAngle":120,"outerAngle":170,"rotationMatrix":[-0.782212734,0.62301147,1.1920929e-07,-2.38418579e-07,-1.1920929e-07,-1,-0.62301147,-0.782212734,2.38418579e-07]}
{"name":"SpotLight_1104","class":"SpotLight","__parent":"CeilingLight3","position":[-1325.12805,-808.143677,98.2517548],"brightness":0.400000006,"innerAngle":120,"outerAngle":170,"rotationMatrix":[-0.782212734,0.62301147,1.1920929e-07,-2.38418579e-07,-1.1920929e-07,-1,-0.62301147,-0.782212734,2.38418579e-07]}
{"name":"SpotLight_11041","class":"SpotLight","__parent":"CeilingLight3","position":[-1337.01135,-820.676392,98.2517548],"brightness":0.400000006,"innerAngle":120,"outerAngle":170,"rotationMatrix":[-0.782212734,0.62301147,1.1920929e-07,-2.38418579e-07,-1.1920929e-07,-1,-0.62301147,-0.782212734,2.38418579e-07]}
{"name":"SpotLight_110131","class":"SpotLight","__parent":"CeilingLight3","position":[-1338.40161,-822.131592,98.2517548],"brightness":0.400000006,"innerAngle":120,"outerAngle":170,"rotationMatrix":[-0.782212734,0.62301147,1.1920929e-07,-2.38418579e-07,-1.1920929e-07,-1,-0.62301147,-0.782212734,2.38418579e-07]}
{"class":"TSStatic","__parent":"CeilingLight3","position":[-1337.71716,-821.416016,97.4589996],"isRenderEnabled":false,"rotationMatrix":[-0.725650609,0.688063323,0,-0.688063323,-0.725650609,0,0,0,0.999999881],"shapeName":"/levels/west_coast_usa/art/shapes/garage/s_ceiling_light_light_on.dae","useInstanceRenderData":true}
{"class":"TSStatic","__parent":"CeilingLight3","position":[-1337.71692,-821.415527,97.4590302],"isRenderEnabled":false,"rotationMatrix":[-0.725650609,0.688063323,0,-0.688063323,-0.725650609,0,0,0,0.999999881],"scale":[1,1,0.300000012],"shapeName":"/levels/west_coast_usa/art/shapes/garage/s_ceiling_light_case.dae","useInstanceRenderData":true}
