{"name":"Floodlight_1_28","class":"SpotLight","__parent":"LightGroup_28","position":[62.2941895,1.67261767,131.081421],"overDarkFactor":[2000,1000,500,1],"range":50,"rotationMatrix":[0.345997244,-0.00421611127,-0.938226104,-0.903970838,0.26628089,-0.334561259,0.25124222,0.963886201,0.088321209],"shadowDarkenColor":[0,0,0,0]}
{"name":"Floodlight_2_28","class":"SpotLight","__parent":"LightGroup_28","position":[62.3071632,1.64514077,131.958389],"overDarkFactor":[2000,1000,500,1],"range":50,"rotationMatrix":[0.646787643,0.0412590988,-0.761553288,-0.749608099,0.218403369,-0.62481004,0.140546724,0.974985957,0.172188789],"shadowDarkenColor":[0,0,0,0]}
{"name":"FloodPoint_1_28","class":"PointLight","__parent":"LightGroup_28","position":[62.3384857,1.62692702,131.986542],"brightness":15,"overDarkFactor":[2000,1000,500,1],"radius":0.25,"shadowDarkenColor":[0,0,0,0]}
{"name":"FloodPoint_2_28","class":"PointLight","__parent":"LightGroup_28","position":[62.3486214,1.70028758,131.046753],"brightness":15,"overDarkFactor":[2000,1000,500,1],"radius":0.25,"shadowDarkenColor":[0,0,0,0]}
{"name":"Floodlight_3_28","class":"SpotLight","__parent":"LightGroup_28","position":[61.1548271,1.81072259,131.002502],"overDarkFactor":[2000,1000,500,1],"range":50,"rotationMatrix":[0.114255816,-0.0914010555,-0.989237785,-0.975625575,0.17746228,-0.129080325,0.187350482,0.979873955,-0.0688971207],"shadowDarkenColor":[0,0,0,0]}
{"name":"Floodlight_4_28","class":"SpotLight","__parent":"LightGroup_28","position":[61.0943527,1.81366646,131.954697],"overDarkFactor":[2000,1000,500,1],"range":50,"rotationMatrix":[-0.270643383,-0.0807229057,-0.959289253,-0.957090616,0.129782498,0.259102046,0.103583492,0.98825109,-0.112383932],"shadowDarkenColor":[0,0,0,0]}
{"name":"FloodPoint_4_28","class":"PointLight","__parent":"LightGroup_28","position":[61.0811081,1.845456,131.914978],"brightness":15,"overDarkFactor":[2000,1000,500,1],"radius":0.25,"shadowDarkenColor":[0,0,0,0]}
{"name":"FloodPoint_3_28","class":"PointLight","__parent":"LightGroup_28","position":[61.1548271,1.81072259,131.002502],"brightness":15,"overDarkFactor":[2000,1000,500,1],"radius":0.25,"shadowDarkenColor":[0,0,0,0]}
