{"name":"Floodlight_1_26","class":"SpotLight","__parent":"LightGroup_26","position":[886.585693,180.786072,172.823471],"overDarkFactor":[2000,1000,500,1],"range":50,"rotationMatrix":[0.29727143,-0.000140984484,-0.954792976,0.954786062,0.00386277959,0.297268689,0.00364624476,-0.999992549,0.00128290406],"shadowDarkenColor":[0,0,0,0]}
{"name":"Floodlight_2_26","class":"SpotLight","__parent":"LightGroup_26","position":[886.545959,180.82576,173.699173],"overDarkFactor":[2000,1000,500,1],"range":50,"rotationMatrix":[0.876532197,0.00955379941,-0.481248349,0.480287492,0.0488228798,0.875751257,0.0318626836,-0.998761773,0.0382062607],"shadowDarkenColor":[0,0,0,0]}
{"name":"FloodPoint_1_26","class":"PointLight","__parent":"LightGroup_26","position":[886.519653,180.852081,173.726013],"brightness":15,"overDarkFactor":[2000,1000,500,1],"radius":0.25,"shadowDarkenColor":[0,0,0,0]}
{"name":"FloodPoint_2_26","class":"PointLight","__parent":"LightGroup_26","position":[886.527222,180.773758,172.786591],"brightness":15,"overDarkFactor":[2000,1000,500,1],"radius":0.25,"shadowDarkenColor":[0,0,0,0]}
{"name":"Floodlight_3_26","class":"SpotLight","__parent":"LightGroup_26","position":[887.647339,180.344101,172.791382],"overDarkFactor":[2000,1000,500,1],"range":50,"rotationMatrix":[-0.755638838,-0.0361984149,-0.653987288,0.651474714,0.0617456734,-0.756153405,0.0677524433,-0.997435272,-0.0230750814],"shadowDarkenColor":[0,0,0,0]}
{"name":"Floodlight_4_26","class":"SpotLight","__parent":"LightGroup_26","position":[887.667053,180.33548,173.745255],"overDarkFactor":[2000,1000,500,1],"range":50,"rotationMatrix":[-0.987493455,-0.0699917749,-0.141272217,0.13437286,0.09505485,-0.986361265,0.0824657753,-0.993008375,-0.0844610482],"shadowDarkenColor":[0,0,0,0]}
{"name":"FloodPoint_4_26","class":"PointLight","__parent":"LightGroup_26","position":[887.672791,180.300858,173.706116],"brightness":15,"overDarkFactor":[2000,1000,500,1],"radius":0.25,"shadowDarkenColor":[0,0,0,0]}
{"name":"FloodPoint_3_26","class":"PointLight","__parent":"LightGroup_26","position":[887.647339,180.344101,172.791382],"brightness":15,"overDarkFactor":[2000,1000,500,1],"radius":0.25,"shadowDarkenColor":[0,0,0,0]}
